  0.000        -354.46295
  0.200        -130.58448
  0.400        -118.54331
  0.600        -111.49971
  0.800        -106.50222
  1.000        -102.62590
  1.200        -99.45876
  1.400        -96.78102
  1.600        -94.46149
  1.800        -92.41557
  2.000        -90.58548
  2.200        -88.93001
  2.400        -87.41875
  2.600        -86.02858
  2.800        -84.74155
  3.000        -83.54343
  3.200        -82.42274
  3.400        -81.37009
  3.600        -80.37772
  3.800        -79.43911
  4.000        -78.54877
  4.200        -77.70198
  4.400        -76.89471
  4.600        -76.12346
  4.800        -75.38518
  5.000        -74.67718
  5.200        -73.99711
  5.400        -73.34287
  5.600        -72.71261
  5.800        -72.10465
  6.000        -71.51749
  6.200        -70.94981
  6.400        -70.40036
  6.600        -69.86806
  6.800        -69.35190
  7.000        -68.85095
  7.200        -68.36439
  7.400        -67.89145
  7.600        -67.43142
  7.800        -66.98365
  8.000        -66.54755
  8.200        -66.12257
  8.400        -65.70818
  8.600        -65.30393
  8.800        -64.90936
  9.000        -64.52407
  9.200        -64.14767
  9.400        -63.77981
  9.600        -63.42017
  9.800        -63.06842
 10.000        -62.72427
 10.200        -62.38747
 10.400        -62.05774
 10.600        -61.73486
 10.800        -61.41859
 11.000        -61.10873
 11.200        -60.80508
 11.400        -60.50744
 11.600        -60.21566
 11.800        -59.92955
 12.000        -59.64897
 12.200        -59.37376
 12.400        -59.10379
 12.600        -58.83893
 12.800        -58.57906
 13.000        -58.32405
 13.200        -58.07380
 13.400        -57.82821
 13.600        -57.58718
 13.800        -57.35061
 14.000        -57.11842
 14.200        -56.89054
 14.400        -56.66687
 14.600        -56.44736
 14.800        -56.23192
 15.000        -56.02051
 15.200        -55.81306
 15.400        -55.60951
 15.600        -55.40981
 15.800        -55.21391
 16.000        -55.02177
 16.200        -54.83335
 16.400        -54.64860
 16.600        -54.46750
 16.800        -54.29000
 17.000        -54.11608
 17.200        -53.94571
 17.400        -53.77887
 17.600        -53.61554
 17.800        -53.45569
 18.000        -53.29930
 18.200        -53.14638
 18.400        -52.99689
 18.600        -52.85084
 18.800        -52.70822
 19.000        -52.56902
 19.200        -52.43323
 19.400        -52.30087
 19.600        -52.17193
 19.800        -52.04641
 20.000        -51.92433
 20.200        -51.80569
 20.400        -51.69051
 20.600        -51.57879
 20.800        -51.47056
 21.000        -51.36583
 21.200        -51.26463
 21.400        -51.16698
 21.600        -51.07290
 21.800        -50.98243
 22.000        -50.89559
 22.200        -50.81243
 22.400        -50.73297
 22.600        -50.65726
 22.800        -50.58534
 23.000        -50.51727
 23.200        -50.45308
 23.400        -50.39283
 23.600        -50.33658
 23.800        -50.28439
 24.000        -50.23633
 24.200        -50.19246
 24.400        -50.15285
 24.600        -50.11759
 24.800        -50.08676
 25.000        -50.06044
 25.200        -50.03872
 25.400        -50.02172
 25.600        -50.00952
 25.800        -50.00224
 26.000        -50.00001
 26.200        -50.00294
 26.400        -50.01118
 26.600        -50.02486
 26.800        -50.04413
 27.000        -50.06916
 27.200        -50.10012
 27.400        -50.13720
 27.600        -50.18059
 27.800        -50.23050
 28.000        -50.28716
 28.200        -50.35081
 28.400        -50.42171
 28.600        -50.50015
 28.800        -50.58642
 29.000        -50.68085
 29.200        -50.78380
 29.400        -50.89564
 29.600        -51.01680
 29.800        -51.14772
 30.000        -51.28890
 30.200        -51.44089
 30.400        -51.60426
 30.600        -51.77969
 30.800        -51.96788
 31.000        -52.16965
 31.200        -52.38587
 31.400        -52.61755
 31.600        -52.86579
 31.800        -53.13186
 32.000        -53.41717
 32.200        -53.72336
 32.400        -54.05227
 32.600        -54.40605
 32.800        -54.78721
 33.000        -55.19866
 33.200        -55.64387
 33.400        -56.12698
 33.600        -56.65299
 33.800        -57.22804
 34.000        -57.85976
 34.200        -58.55783
 34.400        -59.33476
 34.600        -60.20710
 34.800        -61.19751
 35.000        -62.33802
 35.200        -63.67626
 35.400        -65.28742
 35.600        -67.30091
 35.800        -69.96951
 36.000        -73.90349
 36.200        -81.42698
 36.400        -89.56635
 36.600        -76.34173
 36.800        -71.29594
 37.000        -68.10887
 37.200        -65.77299
 37.400        -63.92882
 37.600        -62.40624
 37.800        -61.11120
 38.000        -59.98626
 38.200        -58.99375
 38.400        -58.10766
 38.600        -57.30931
 38.800        -56.58486
 39.000        -55.92376
 39.200        -55.31784
 39.400        -54.76065
 39.600        -54.24702
 39.800        -53.77280
 40.000        -53.33458
 40.200        -52.92958
 40.400        -52.55552
 40.600        -52.21052
 40.800        -51.89307
 41.000        -51.60192
 41.200        -51.33611
 41.400        -51.09488
 41.600        -50.87768
 41.800        -50.68418
 42.000        -50.51419
 42.200        -50.36773
 42.400        -50.24497
 42.600        -50.14629
 42.800        -50.07224
 43.000        -50.02360
 43.200        -50.00135
 43.400        -50.00675
 43.600        -50.04136
 43.800        -50.10707
 44.000        -50.20621
 44.200        -50.34160
 44.400        -50.51670
 44.600        -50.73574
 44.800        -51.00398
 45.000        -51.32799
 45.200        -51.71612
 45.400        -52.17912
 45.600        -52.73118
 45.800        -53.39148
 46.000        -54.18676
 46.200        -55.15594
 46.400        -56.35866
 46.600        -57.89323
 46.800        -59.93927
 47.000        -62.88279
 47.200        -67.84351
 47.400        -83.15340
 47.600        -70.73341
 47.800        -63.40081
 48.000        -59.27158
 48.200        -56.32973
 48.400        -54.01414
 48.600        -52.08704
 48.800        -50.42515
 49.000        -48.95625
 49.200        -47.63432
 49.400        -46.42828
 49.600        -45.31608
 49.800        -44.28154
 50.000        -43.31244
 50.200        -42.39928
 50.400        -41.53457
 50.600        -40.71228
 50.800        -39.92748
 51.000        -39.17608
 51.200        -38.45469
 51.400        -37.76039
 51.600        -37.09074
 51.800        -36.44360
 52.000        -35.81713
 52.200        -35.20973
 52.400        -34.61999
 52.600        -34.04665
 52.800        -33.48862
 53.000        -32.94490
 53.200        -32.41461
 53.400        -31.89695
 53.600        -31.39120
 53.800        -30.89671
 54.000        -30.41290
 54.200        -29.93920
 54.400        -29.47514
 54.600        -29.02026
 54.800        -28.57413
 55.000        -28.13638
 55.200        -27.70665
 55.400        -27.28460
 55.600        -26.86994
 55.800        -26.46238
 56.000        -26.06165
 56.200        -25.66751
 56.400        -25.27972
 56.600        -24.89807
 56.800        -24.52236
 57.000        -24.15239
 57.200        -23.78798
 57.400        -23.42897
 57.600        -23.07520
 57.800        -22.72652
 58.000        -22.38278
 58.200        -22.04385
 58.400        -21.70961
 58.600        -21.37993
 58.800        -21.05470
 59.000        -20.73380
 59.200        -20.41715
 59.400        -20.10463
 59.600        -19.79615
 59.800        -19.49163
 60.000        -19.19098
 60.200        -18.89411
 60.400        -18.60096
 60.600        -18.31144
 60.800        -18.02548
 61.000        -17.74302
 61.200        -17.46400
 61.400        -17.18834
 61.600        -16.91599
 61.800        -16.64689
 62.000        -16.38098
 62.200        -16.11822
 62.400        -15.85855
 62.600        -15.60192
 62.800        -15.34828
 63.000        -15.09760
 63.200        -14.84981
 63.400        -14.60490
 63.600        -14.36280
 63.800        -14.12348
 64.000        -13.88692
 64.200        -13.65305
 64.400        -13.42187
 64.600        -13.19332
 64.800        -12.96737
 65.000        -12.74400
 65.200        -12.52317
 65.400        -12.30486
 65.600        -12.08903
 65.800        -11.87565
 66.000        -11.66470
 66.200        -11.45616
 66.400        -11.24999
 66.600        -11.04618
 66.800        -10.84469
 67.000        -10.64551
 67.200        -10.44861
 67.400        -10.25398
 67.600        -10.06158
 67.800         -9.87141
 68.000         -9.68343
 68.200         -9.49763
 68.400         -9.31399
 68.600         -9.13250
 68.800         -8.95313
 69.000         -8.77587
 69.200         -8.60071
 69.400         -8.42761
 69.600         -8.25658
 69.800         -8.08759
 70.000         -7.92062
 70.200         -7.75568
 70.400         -7.59273
 70.600         -7.43176
 70.800         -7.27277
 71.000         -7.11574
 71.200         -6.96066
 71.400         -6.80751
 71.600         -6.65628
 71.800         -6.50696
 72.000         -6.35954
 72.200         -6.21401
 72.400         -6.07036
 72.600         -5.92857
 72.800         -5.78863
 73.000         -5.65055
 73.200         -5.51429
 73.400         -5.37987
 73.600         -5.24726
 73.800         -5.11646
 74.000         -4.98745
 74.200         -4.86024
 74.400         -4.73481
 74.600         -4.61115
 74.800         -4.48926
 75.000         -4.36912
 75.200         -4.25074
 75.400         -4.13409
 75.600         -4.01919
 75.800         -3.90601
 76.000         -3.79455
 76.200         -3.68481
 76.400         -3.57677
 76.600         -3.47043
 76.800         -3.36580
 77.000         -3.26285
 77.200         -3.16158
 77.400         -3.06199
 77.600         -2.96407
 77.800         -2.86782
 78.000         -2.77323
 78.200         -2.68029
 78.400         -2.58901
 78.600         -2.49937
 78.800         -2.41137
 79.000         -2.32501
 79.200         -2.24028
 79.400         -2.15717
 79.600         -2.07569
 79.800         -1.99583
 80.000         -1.91758
 80.200         -1.84094
 80.400         -1.76591
 80.600         -1.69248
 80.800         -1.62065
 81.000         -1.55042
 81.200         -1.48177
 81.400         -1.41472
 81.600         -1.34925
 81.800         -1.28536
 82.000         -1.22305
 82.200         -1.16232
 82.400         -1.10316
 82.600         -1.04557
 82.800         -0.98954
 83.000         -0.93508
 83.200         -0.88219
 83.400         -0.83085
 83.600         -0.78107
 83.800         -0.73284
 84.000         -0.68617
 84.200         -0.64105
 84.400         -0.59747
 84.600         -0.55545
 84.800         -0.51496
 85.000         -0.47602
 85.200         -0.43863
 85.400         -0.40277
 85.600         -0.36844
 85.800         -0.33566
 86.000         -0.30440
 86.200         -0.27469
 86.400         -0.24650
 86.600         -0.21984
 86.800         -0.19472
 87.000         -0.17112
 87.200         -0.14905
 87.400         -0.12850
 87.600         -0.10948
 87.800         -0.09199
 88.000         -0.07602
 88.200         -0.06157
 88.400         -0.04865
 88.600         -0.03724
 88.800         -0.02736
 89.000         -0.01900
 89.200         -0.01216
 89.400         -0.00684
 89.600         -0.00304
 89.800         -0.00076
 90.000          0.00000
 90.200         -0.00076
 90.400         -0.00304
 90.600         -0.00684
 90.800         -0.01216
 91.000         -0.01900
 91.200         -0.02736
 91.400         -0.03724
 91.600         -0.04865
 91.800         -0.06157
 92.000         -0.07602
 92.200         -0.09199
 92.400         -0.10948
 92.600         -0.12850
 92.800         -0.14905
 93.000         -0.17112
 93.200         -0.19472
 93.400         -0.21984
 93.600         -0.24650
 93.800         -0.27469
 94.000         -0.30440
 94.200         -0.33566
 94.400         -0.36844
 94.600         -0.40277
 94.800         -0.43863
 95.000         -0.47602
 95.200         -0.51496
 95.400         -0.55545
 95.600         -0.59747
 95.800         -0.64105
 96.000         -0.68617
 96.200         -0.73284
 96.400         -0.78107
 96.600         -0.83085
 96.800         -0.88219
 97.000         -0.93508
 97.200         -0.98954
 97.400         -1.04557
 97.600         -1.10316
 97.800         -1.16232
 98.000         -1.22305
 98.200         -1.28536
 98.400         -1.34925
 98.600         -1.41472
 98.800         -1.48177
 99.000         -1.55042
 99.200         -1.62065
 99.400         -1.69248
 99.600         -1.76591
 99.800         -1.84094
100.000         -1.91758
100.200         -1.99583
100.400         -2.07569
100.600         -2.15717
100.800         -2.24028
101.000         -2.32501
101.200         -2.41137
101.400         -2.49937
101.600         -2.58901
101.800         -2.68029
102.000         -2.77323
102.200         -2.86782
102.400         -2.96407
102.600         -3.06199
102.800         -3.16158
103.000         -3.26285
103.200         -3.36580
103.400         -3.47043
103.600         -3.57677
103.800         -3.68481
104.000         -3.79455
104.200         -3.90601
104.400         -4.01919
104.600         -4.13409
104.800         -4.25074
105.000         -4.36912
105.200         -4.48926
105.400         -4.61115
105.600         -4.73481
105.800         -4.86024
106.000         -4.98745
106.200         -5.11646
106.400         -5.24726
106.600         -5.37987
106.800         -5.51429
107.000         -5.65055
107.200         -5.78863
107.400         -5.92857
107.600         -6.07036
107.800         -6.21401
108.000         -6.35954
108.200         -6.50696
108.400         -6.65628
108.600         -6.80751
108.800         -6.96066
109.000         -7.11574
109.200         -7.27277
109.400         -7.43176
109.600         -7.59273
109.800         -7.75568
110.000         -7.92062
110.200         -8.08759
110.400         -8.25658
110.600         -8.42761
110.800         -8.60071
111.000         -8.77587
111.200         -8.95313
111.400         -9.13250
111.600         -9.31399
111.800         -9.49763
112.000         -9.68343
112.200         -9.87141
112.400        -10.06158
112.600        -10.25398
112.800        -10.44861
113.000        -10.64551
113.200        -10.84469
113.400        -11.04618
113.600        -11.24999
113.800        -11.45616
114.000        -11.66470
114.200        -11.87565
114.400        -12.08903
114.600        -12.30486
114.800        -12.52317
115.000        -12.74400
115.200        -12.96737
115.400        -13.19332
115.600        -13.42187
115.800        -13.65305
116.000        -13.88692
116.200        -14.12348
116.400        -14.36280
116.600        -14.60490
116.800        -14.84981
117.000        -15.09760
117.200        -15.34828
117.400        -15.60192
117.600        -15.85855
117.800        -16.11822
118.000        -16.38098
118.200        -16.64689
118.400        -16.91599
118.600        -17.18834
118.800        -17.46400
119.000        -17.74302
119.200        -18.02548
119.400        -18.31144
119.600        -18.60096
119.800        -18.89411
120.000        -19.19098
120.200        -19.49163
120.400        -19.79615
120.600        -20.10463
120.800        -20.41715
121.000        -20.73380
121.200        -21.05470
121.400        -21.37993
121.600        -21.70961
121.800        -22.04385
122.000        -22.38278
122.200        -22.72652
122.400        -23.07520
122.600        -23.42897
122.800        -23.78798
123.000        -24.15239
123.200        -24.52236
123.400        -24.89807
123.600        -25.27972
123.800        -25.66751
124.000        -26.06165
124.200        -26.46238
124.400        -26.86994
124.600        -27.28460
124.800        -27.70665
125.000        -28.13638
125.200        -28.57413
125.400        -29.02026
125.600        -29.47514
125.800        -29.93920
126.000        -30.41290
126.200        -30.89671
126.400        -31.39120
126.600        -31.89695
126.800        -32.41461
127.000        -32.94490
127.200        -33.48862
127.400        -34.04665
127.600        -34.61999
127.800        -35.20973
128.000        -35.81713
128.200        -36.44360
128.400        -37.09074
128.600        -37.76039
128.800        -38.45469
129.000        -39.17608
129.200        -39.92748
129.400        -40.71228
129.600        -41.53457
129.800        -42.39928
130.000        -43.31244
130.200        -44.28154
130.400        -45.31608
130.600        -46.42828
130.800        -47.63432
131.000        -48.95625
131.200        -50.42515
131.400        -52.08704
131.600        -54.01414
131.800        -56.32973
132.000        -59.27158
132.200        -63.40081
132.400        -70.73341
132.600        -83.15340
132.800        -67.84351
133.000        -62.88279
133.200        -59.93927
133.400        -57.89323
133.600        -56.35866
133.800        -55.15594
134.000        -54.18676
134.200        -53.39148
134.400        -52.73118
134.600        -52.17912
134.800        -51.71612
135.000        -51.32799
135.200        -51.00398
135.400        -50.73574
135.600        -50.51670
135.800        -50.34160
136.000        -50.20621
136.200        -50.10707
136.400        -50.04136
136.600        -50.00675
136.800        -50.00135
137.000        -50.02360
137.200        -50.07224
137.400        -50.14629
137.600        -50.24497
137.800        -50.36773
138.000        -50.51419
138.200        -50.68418
138.400        -50.87768
138.600        -51.09488
138.800        -51.33611
139.000        -51.60192
139.200        -51.89307
139.400        -52.21052
139.600        -52.55552
139.800        -52.92958
140.000        -53.33458
140.200        -53.77280
140.400        -54.24702
140.600        -54.76065
140.800        -55.31784
141.000        -55.92376
141.200        -56.58486
141.400        -57.30931
141.600        -58.10766
141.800        -58.99375
142.000        -59.98626
142.200        -61.11120
142.400        -62.40624
142.600        -63.92882
142.800        -65.77299
143.000        -68.10887
143.200        -71.29594
143.400        -76.34173
143.600        -89.56635
143.800        -81.42698
144.000        -73.90349
144.200        -69.96951
144.400        -67.30091
144.600        -65.28742
144.800        -63.67626
145.000        -62.33802
145.200        -61.19751
145.400        -60.20710
145.600        -59.33476
145.800        -58.55783
146.000        -57.85976
146.200        -57.22804
146.400        -56.65299
146.600        -56.12698
146.800        -55.64387
147.000        -55.19866
147.200        -54.78721
147.400        -54.40605
147.600        -54.05227
147.800        -53.72336
148.000        -53.41717
148.200        -53.13186
148.400        -52.86579
148.600        -52.61755
148.800        -52.38587
149.000        -52.16965
149.200        -51.96788
149.400        -51.77969
149.600        -51.60426
149.800        -51.44089
150.000        -51.28890
150.200        -51.14772
150.400        -51.01680
150.600        -50.89564
150.800        -50.78380
151.000        -50.68085
151.200        -50.58642
151.400        -50.50015
151.600        -50.42171
151.800        -50.35081
152.000        -50.28716
152.200        -50.23050
152.400        -50.18059
152.600        -50.13720
152.800        -50.10012
153.000        -50.06916
153.200        -50.04413
153.400        -50.02486
153.600        -50.01118
153.800        -50.00294
154.000        -50.00001
154.200        -50.00224
154.400        -50.00952
154.600        -50.02172
154.800        -50.03872
155.000        -50.06044
155.200        -50.08676
155.400        -50.11759
155.600        -50.15285
155.800        -50.19246
156.000        -50.23633
156.200        -50.28439
156.400        -50.33658
156.600        -50.39283
156.800        -50.45308
157.000        -50.51727
157.200        -50.58534
157.400        -50.65726
157.600        -50.73297
157.800        -50.81243
158.000        -50.89559
158.200        -50.98243
158.400        -51.07290
158.600        -51.16698
158.800        -51.26463
159.000        -51.36583
159.200        -51.47056
159.400        -51.57879
159.600        -51.69051
159.800        -51.80569
160.000        -51.92433
160.200        -52.04641
160.400        -52.17193
160.600        -52.30087
160.800        -52.43323
161.000        -52.56902
161.200        -52.70822
161.400        -52.85084
161.600        -52.99689
161.800        -53.14638
162.000        -53.29930
162.200        -53.45569
162.400        -53.61554
162.600        -53.77887
162.800        -53.94571
163.000        -54.11608
163.200        -54.29000
163.400        -54.46750
163.600        -54.64860
163.800        -54.83335
164.000        -55.02177
164.200        -55.21391
164.400        -55.40981
164.600        -55.60951
164.800        -55.81306
165.000        -56.02051
165.200        -56.23192
165.400        -56.44736
165.600        -56.66687
165.800        -56.89054
166.000        -57.11842
166.200        -57.35061
166.400        -57.58718
166.600        -57.82821
166.800        -58.07380
167.000        -58.32405
167.200        -58.57906
167.400        -58.83893
167.600        -59.10379
167.800        -59.37376
168.000        -59.64897
168.200        -59.92955
168.400        -60.21566
168.600        -60.50744
168.800        -60.80508
169.000        -61.10873
169.200        -61.41859
169.400        -61.73486
169.600        -62.05774
169.800        -62.38747
170.000        -62.72427
170.200        -63.06842
170.400        -63.42017
170.600        -63.77981
170.800        -64.14767
171.000        -64.52407
171.200        -64.90936
171.400        -65.30393
171.600        -65.70818
171.800        -66.12257
172.000        -66.54755
172.200        -66.98365
172.400        -67.43142
172.600        -67.89145
172.800        -68.36439
173.000        -68.85095
173.200        -69.35190
173.400        -69.86806
173.600        -70.40036
173.800        -70.94981
174.000        -71.51749
174.200        -72.10465
174.400        -72.71261
174.600        -73.34287
174.800        -73.99711
175.000        -74.67718
175.200        -75.38518
175.400        -76.12346
175.600        -76.89471
175.800        -77.70198
176.000        -78.54877
176.200        -79.43911
176.400        -80.37772
176.600        -81.37009
176.800        -82.42274
177.000        -83.54343
177.200        -84.74155
177.400        -86.02858
177.600        -87.41875
177.800        -88.93001
178.000        -90.58548
178.200        -92.41557
178.400        -94.46149
178.600        -96.78102
178.800        -99.45876
179.000        -102.62590
179.200        -106.50222
179.400        -111.49971
179.600        -118.54331
179.800        -130.58448
180.000        -354.46295
180.100        -142.62568
180.300        -123.54084
180.500        -114.66693
180.700        -108.82186
180.900        -104.45616
181.100        -100.97025
181.300        -98.06834
181.500        -95.58256
181.700        -93.40842
181.900        -91.47643
182.100        -89.73802
182.300        -88.15794
182.500        -86.70975
182.700        -85.37314
182.900        -84.13215
183.100        -82.97403
183.300        -81.88843
183.500        -80.86681
183.700        -79.90206
183.900        -78.98822
184.100        -78.12019
184.300        -77.29364
184.500        -76.50478
184.700        -75.75037
184.900        -75.02755
185.100        -74.33379
185.300        -73.66688
185.500        -73.02485
185.700        -72.40594
185.900        -71.80856
186.100        -71.23130
186.300        -70.67288
186.500        -70.13213
186.700        -69.60802
186.900        -69.09957
187.100        -68.60592
187.300        -68.12626
187.500        -67.65986
187.700        -67.20604
187.900        -66.76418
188.100        -66.33371
188.300        -65.91408
188.500        -65.50482
188.700        -65.10546
188.900        -64.71558
189.100        -64.33478
189.300        -63.96270
189.500        -63.59898
189.700        -63.24332
189.900        -62.89541
190.100        -62.55497
190.300        -62.22174
190.500        -61.89546
190.700        -61.57591
190.900        -61.26287
191.100        -60.95614
191.300        -60.65552
191.500        -60.36083
191.700        -60.07190
191.900        -59.78858
192.100        -59.51070
192.300        -59.23813
192.500        -58.97073
192.700        -58.70838
192.900        -58.45095
193.100        -58.19834
193.300        -57.95043
193.500        -57.70713
193.700        -57.46834
193.900        -57.23398
194.100        -57.00395
194.300        -56.77818
194.500        -56.55660
194.700        -56.33913
194.900        -56.12572
195.100        -55.91629
195.300        -55.71080
195.500        -55.50918
195.700        -55.31139
195.900        -55.11737
196.100        -54.92710
196.300        -54.74052
196.500        -54.55760
196.700        -54.37830
196.900        -54.20259
197.100        -54.03045
197.300        -53.86185
197.500        -53.69677
197.700        -53.53518
197.900        -53.37706
198.100        -53.22241
198.300        -53.07121
198.500        -52.92344
198.700        -52.77910
198.900        -52.63819
199.100        -52.50070
199.300        -52.36662
199.500        -52.23597
199.700        -52.10874
199.900        -51.98494
200.100        -51.86458
200.300        -51.74767
200.500        -51.63422
200.700        -51.52424
200.900        -51.41776
201.100        -51.31479
201.300        -51.21536
201.500        -51.11949
201.700        -51.02721
201.900        -50.93855
202.100        -50.85355
202.300        -50.77223
202.500        -50.69464
202.700        -50.62083
202.900        -50.55082
203.100        -50.48468
203.300        -50.42246
203.500        -50.36420
203.700        -50.30998
203.900        -50.25984
204.100        -50.21387
204.300        -50.17212
204.500        -50.13467
204.700        -50.10162
204.900        -50.07303
205.100        -50.04900
205.300        -50.02962
205.500        -50.01501
205.700        -50.00526
205.900        -50.00049
206.100        -50.00082
206.300        -50.00639
206.500        -50.01733
206.700        -50.03378
206.900        -50.05592
207.100        -50.08389
207.300        -50.11788
207.500        -50.15809
207.700        -50.20471
207.900        -50.25797
208.100        -50.31809
208.300        -50.38534
208.500        -50.45997
208.700        -50.54228
208.900        -50.63259
209.100        -50.73124
209.300        -50.83858
209.500        -50.95503
209.700        -51.08101
209.900        -51.21700
210.100        -51.36351
210.300        -51.52111
210.500        -51.69043
210.700        -51.87214
210.900        -52.06702
211.100        -52.27589
211.300        -52.49971
211.500        -52.73952
211.700        -52.99651
211.900        -53.27201
212.100        -53.56754
212.300        -53.88484
212.500        -54.22590
212.700        -54.59304
212.900        -54.98895
213.100        -55.41681
213.300        -55.88040
213.500        -56.38427
213.700        -56.93395
213.900        -57.53627
214.100        -58.19980
214.300        -58.93552
214.500        -59.75776
214.700        -60.68582
214.900        -61.74649
215.100        -62.97858
215.300        -64.44139
215.500        -66.23233
215.700        -68.52875
215.900        -71.70986
216.100        -76.86540
216.300        -91.71942
216.500        -80.65959
216.700        -73.46162
216.900        -69.55914
217.100        -66.86377
217.300        -64.80260
217.500        -63.13436
217.700        -61.73447
217.900        -60.53017
218.100        -59.47529
218.300        -58.53870
218.500        -57.69847
218.700        -56.93857
218.900        -56.24694
219.100        -55.61434
219.300        -55.03350
219.500        -54.49867
219.700        -54.00522
219.900        -53.54938
220.100        -53.12808
220.300        -52.73881
220.500        -52.37949
220.700        -52.04844
220.900        -51.74427
221.100        -51.46590
221.300        -51.21246
221.500        -50.98330
221.700        -50.77799
221.900        -50.59625
222.100        -50.43801
222.300        -50.30337
222.500        -50.19259
222.700        -50.10614
222.900        -50.04469
223.100        -50.00910
223.300        -50.00050
223.500        -50.02030
223.700        -50.07019
223.900        -50.15230
224.100        -50.26918
224.300        -50.42394
224.500        -50.62042
224.700        -50.86333
224.900        -51.15854
225.100        -51.51343
225.300        -51.93747
225.500        -52.44296
225.700        -53.04635
225.900        -53.77017
226.100        -54.64652
226.300        -55.72318
226.500        -57.07595
226.700        -58.83562
226.900        -61.25881
227.100        -64.96903
227.300        -72.37961
227.500        -79.37720
227.700        -66.37307
227.900        -61.12577
228.100        -57.69945
228.300        -55.11243
228.500        -53.01138
228.700        -51.22827
228.900        -49.66989
229.100        -48.27912
229.300        -47.01836
229.500        -45.86157
229.700        -44.78994
229.900        -43.78946
230.100        -42.84937
230.300        -41.96127
230.500        -41.11845
230.700        -40.31546
230.900        -39.54783
231.100        -38.81183
231.300        -38.10431
231.500        -37.42262
231.700        -36.76447
231.900        -36.12788
232.100        -35.51114
232.300        -34.91273
232.500        -34.33134
232.700        -33.76579
232.900        -33.21503
233.100        -32.67813
233.300        -32.15425
233.500        -31.64263
233.700        -31.14259
233.900        -30.65351
234.100        -30.17481
234.300        -29.70600
234.500        -29.24658
234.700        -28.79612
234.900        -28.35423
235.100        -27.92053
235.300        -27.49468
235.500        -27.07637
235.700        -26.66529
235.900        -26.26118
236.100        -25.86377
236.300        -25.47284
236.500        -25.08814
236.700        -24.70948
236.900        -24.33667
237.100        -23.96950
237.300        -23.60781
237.500        -23.25144
237.700        -22.90024
237.900        -22.55404
238.100        -22.21273
238.300        -21.87615
238.500        -21.54421
238.700        -21.21676
238.900        -20.89371
239.100        -20.57495
239.300        -20.26037
239.500        -19.94989
239.700        -19.64340
239.900        -19.34082
240.100        -19.04208
240.300        -18.74707
240.500        -18.45575
240.700        -18.16802
240.900        -17.88382
241.100        -17.60309
241.300        -17.32575
241.500        -17.05175
241.700        -16.78103
241.900        -16.51354
242.100        -16.24921
242.300        -15.98800
242.500        -15.72985
242.700        -15.47473
242.900        -15.22257
243.100        -14.97334
243.300        -14.72700
243.500        -14.48350
243.700        -14.24280
243.900        -14.00486
244.100        -13.76965
244.300        -13.53713
244.500        -13.30726
244.700        -13.08002
244.900        -12.85537
245.100        -12.63327
245.300        -12.41370
245.500        -12.19663
245.700        -11.98203
245.900        -11.76987
246.100        -11.56013
246.300        -11.35278
246.500        -11.14779
246.700        -10.94515
246.900        -10.74482
247.100        -10.54678
247.300        -10.35102
247.500        -10.15750
247.700         -9.96622
247.900         -9.77714
248.100         -9.59026
248.300         -9.40554
248.500         -9.22298
248.700         -9.04255
248.900         -8.86424
249.100         -8.68803
249.300         -8.51390
249.500         -8.34184
249.700         -8.17183
249.900         -8.00385
250.100         -7.83790
250.300         -7.67395
250.500         -7.51200
250.700         -7.35202
250.900         -7.19401
251.100         -7.03796
251.300         -6.88384
251.500         -6.73166
251.700         -6.58138
251.900         -6.43302
252.100         -6.28654
252.300         -6.14195
252.500         -5.99923
252.700         -5.85837
252.900         -5.71936
253.100         -5.58219
253.300         -5.44685
253.500         -5.31334
253.700         -5.18163
253.900         -5.05173
254.100         -4.92362
254.300         -4.79730
254.500         -4.67276
254.700         -4.54998
254.900         -4.42897
255.100         -4.30971
255.300         -4.19220
255.500         -4.07642
255.700         -3.96238
255.900         -3.85006
256.100         -3.73946
256.300         -3.63057
256.500         -3.52339
256.700         -3.41790
256.900         -3.31411
257.100         -3.21200
257.300         -3.11157
257.500         -3.01282
257.700         -2.91574
257.900         -2.82032
258.100         -2.72655
258.300         -2.63444
258.500         -2.54398
258.700         -2.45517
258.900         -2.36799
259.100         -2.28244
259.300         -2.19852
259.500         -2.11623
259.700         -2.03556
259.900         -1.95651
260.100         -1.87906
260.300         -1.80323
260.500         -1.72900
260.700         -1.65637
260.900         -1.58534
261.100         -1.51590
261.300         -1.44805
261.500         -1.38179
261.700         -1.31711
261.900         -1.25401
262.100         -1.19249
262.300         -1.13254
262.500         -1.07416
262.700         -1.01736
262.900         -0.96212
263.100         -0.90844
263.300         -0.85632
263.500         -0.80576
263.700         -0.75676
263.900         -0.70931
264.100         -0.66342
264.300         -0.61907
264.500         -0.57627
264.700         -0.53501
264.900         -0.49530
265.100         -0.45713
265.300         -0.42050
265.500         -0.38541
265.700         -0.35186
265.900         -0.31984
266.100         -0.28935
266.300         -0.26040
266.500         -0.23298
266.700         -0.20709
266.900         -0.18273
267.100         -0.15989
267.300         -0.13858
267.500         -0.11880
267.700         -0.10055
267.900         -0.08381
268.100         -0.06860
268.300         -0.05492
268.500         -0.04275
268.700         -0.03211
268.900         -0.02299
269.100         -0.01539
269.300         -0.00931
269.500         -0.00475
269.700         -0.00171
269.900         -0.00019
270.100         -0.00019
270.300         -0.00171
270.500         -0.00475
270.700         -0.00931
270.900         -0.01539
271.100         -0.02299
271.300         -0.03211
271.500         -0.04275
271.700         -0.05492
271.900         -0.06860
272.100         -0.08381
272.300         -0.10055
272.500         -0.11880
272.700         -0.13858
272.900         -0.15989
273.100         -0.18273
273.300         -0.20709
273.500         -0.23298
273.700         -0.26040
273.900         -0.28935
274.100         -0.31984
274.300         -0.35186
274.500         -0.38541
274.700         -0.42050
274.900         -0.45713
275.100         -0.49530
275.300         -0.53501
275.500         -0.57627
275.700         -0.61907
275.900         -0.66342
276.100         -0.70931
276.300         -0.75676
276.500         -0.80576
276.700         -0.85632
276.900         -0.90844
277.100         -0.96212
277.300         -1.01736
277.500         -1.07416
277.700         -1.13254
277.900         -1.19249
278.100         -1.25401
278.300         -1.31711
278.500         -1.38179
278.700         -1.44805
278.900         -1.51590
279.100         -1.58534
279.300         -1.65637
279.500         -1.72900
279.700         -1.80323
279.900         -1.87906
280.100         -1.95651
280.300         -2.03556
280.500         -2.11623
280.700         -2.19852
280.900         -2.28244
281.100         -2.36799
281.300         -2.45517
281.500         -2.54398
281.700         -2.63444
281.900         -2.72655
282.100         -2.82032
282.300         -2.91574
282.500         -3.01282
282.700         -3.11157
282.900         -3.21200
283.100         -3.31411
283.300         -3.41790
283.500         -3.52339
283.700         -3.63057
283.900         -3.73946
284.100         -3.85006
284.300         -3.96238
284.500         -4.07642
284.700         -4.19220
284.900         -4.30971
285.100         -4.42897
285.300         -4.54998
285.500         -4.67276
285.700         -4.79730
285.900         -4.92362
286.100         -5.05173
286.300         -5.18163
286.500         -5.31334
286.700         -5.44685
286.900         -5.58219
287.100         -5.71936
287.300         -5.85837
287.500         -5.99923
287.700         -6.14195
287.900         -6.28654
288.100         -6.43302
288.300         -6.58138
288.500         -6.73166
288.700         -6.88384
288.900         -7.03796
289.100         -7.19401
289.300         -7.35202
289.500         -7.51200
289.700         -7.67395
289.900         -7.83790
290.100         -8.00385
290.300         -8.17183
290.500         -8.34184
290.700         -8.51390
290.900         -8.68803
291.100         -8.86424
291.300         -9.04255
291.500         -9.22298
291.700         -9.40554
291.900         -9.59026
292.100         -9.77714
292.300         -9.96622
292.500        -10.15750
292.700        -10.35102
292.900        -10.54678
293.100        -10.74482
293.300        -10.94515
293.500        -11.14779
293.700        -11.35278
293.900        -11.56013
294.100        -11.76987
294.300        -11.98203
294.500        -12.19663
294.700        -12.41370
294.900        -12.63327
295.100        -12.85537
295.300        -13.08002
295.500        -13.30726
295.700        -13.53713
295.900        -13.76965
296.100        -14.00486
296.300        -14.24280
296.500        -14.48350
296.700        -14.72700
296.900        -14.97334
297.100        -15.22257
297.300        -15.47473
297.500        -15.72985
297.700        -15.98800
297.900        -16.24921
298.100        -16.51354
298.300        -16.78103
298.500        -17.05175
298.700        -17.32575
298.900        -17.60309
299.100        -17.88382
299.300        -18.16802
299.500        -18.45575
299.700        -18.74707
299.900        -19.04208
300.100        -19.34082
300.300        -19.64340
300.500        -19.94989
300.700        -20.26037
300.900        -20.57495
301.100        -20.89371
301.300        -21.21676
301.500        -21.54421
301.700        -21.87615
301.900        -22.21273
302.100        -22.55404
302.300        -22.90024
302.500        -23.25144
302.700        -23.60781
302.900        -23.96950
303.100        -24.33667
303.300        -24.70948
303.500        -25.08814
303.700        -25.47284
303.900        -25.86377
304.100        -26.26118
304.300        -26.66529
304.500        -27.07637
304.700        -27.49468
304.900        -27.92053
305.100        -28.35423
305.300        -28.79612
305.500        -29.24658
305.700        -29.70600
305.900        -30.17481
306.100        -30.65351
306.300        -31.14259
306.500        -31.64263
306.700        -32.15425
306.900        -32.67813
307.100        -33.21503
307.300        -33.76579
307.500        -34.33134
307.700        -34.91273
307.900        -35.51114
308.100        -36.12788
308.300        -36.76447
308.500        -37.42262
308.700        -38.10431
308.900        -38.81183
309.100        -39.54783
309.300        -40.31546
309.500        -41.11845
309.700        -41.96127
309.900        -42.84937
310.100        -43.78946
310.300        -44.78994
310.500        -45.86157
310.700        -47.01836
310.900        -48.27912
311.100        -49.66989
311.300        -51.22827
311.500        -53.01138
311.700        -55.11243
311.900        -57.69945
312.100        -61.12577
312.300        -66.37307
312.500        -79.37720
312.700        -72.37961
312.900        -64.96903
313.100        -61.25881
313.300        -58.83562
313.500        -57.07595
313.700        -55.72318
313.900        -54.64652
314.100        -53.77017
314.300        -53.04635
314.500        -52.44296
314.700        -51.93747
314.900        -51.51343
315.100        -51.15854
315.300        -50.86333
315.500        -50.62042
315.700        -50.42394
315.900        -50.26918
316.100        -50.15230
316.300        -50.07019
316.500        -50.02030
316.700        -50.00050
316.900        -50.00910
317.100        -50.04469
317.300        -50.10614
317.500        -50.19259
317.700        -50.30337
317.900        -50.43801
318.100        -50.59625
318.300        -50.77799
318.500        -50.98330
318.700        -51.21246
318.900        -51.46590
319.100        -51.74427
319.300        -52.04844
319.500        -52.37949
319.700        -52.73881
319.900        -53.12808
320.100        -53.54938
320.300        -54.00522
320.500        -54.49867
320.700        -55.03350
320.900        -55.61434
321.100        -56.24694
321.300        -56.93857
321.500        -57.69847
321.700        -58.53870
321.900        -59.47529
322.100        -60.53017
322.300        -61.73447
322.500        -63.13436
322.700        -64.80260
322.900        -66.86377
323.100        -69.55914
323.300        -73.46162
323.500        -80.65959
323.700        -91.71942
323.900        -76.86540
324.100        -71.70986
324.300        -68.52875
324.500        -66.23233
324.700        -64.44139
324.900        -62.97858
325.100        -61.74649
325.300        -60.68582
325.500        -59.75776
325.700        -58.93552
325.900        -58.19980
326.100        -57.53627
326.300        -56.93395
326.500        -56.38427
326.700        -55.88040
326.900        -55.41681
327.100        -54.98895
327.300        -54.59304
327.500        -54.22590
327.700        -53.88484
327.900        -53.56754
328.100        -53.27201
328.300        -52.99651
328.500        -52.73952
328.700        -52.49971
328.900        -52.27589
329.100        -52.06702
329.300        -51.87214
329.500        -51.69043
329.700        -51.52111
329.900        -51.36351
330.100        -51.21700
330.300        -51.08101
330.500        -50.95503
330.700        -50.83858
330.900        -50.73124
331.100        -50.63259
331.300        -50.54228
331.500        -50.45997
331.700        -50.38534
331.900        -50.31809
332.100        -50.25797
332.300        -50.20471
332.500        -50.15809
332.700        -50.11788
332.900        -50.08389
333.100        -50.05592
333.300        -50.03378
333.500        -50.01733
333.700        -50.00639
333.900        -50.00082
334.100        -50.00049
334.300        -50.00526
334.500        -50.01501
334.700        -50.02962
334.900        -50.04900
335.100        -50.07303
335.300        -50.10162
335.500        -50.13467
335.700        -50.17212
335.900        -50.21387
336.100        -50.25984
336.300        -50.30998
336.500        -50.36420
336.700        -50.42246
336.900        -50.48468
337.100        -50.55082
337.300        -50.62083
337.500        -50.69464
337.700        -50.77223
337.900        -50.85355
338.100        -50.93855
338.300        -51.02721
338.500        -51.11949
338.700        -51.21536
338.900        -51.31479
339.100        -51.41776
339.300        -51.52424
339.500        -51.63422
339.700        -51.74767
339.900        -51.86458
340.100        -51.98494
340.300        -52.10874
340.500        -52.23597
340.700        -52.36662
340.900        -52.50070
341.100        -52.63819
341.300        -52.77910
341.500        -52.92344
341.700        -53.07121
341.900        -53.22241
342.100        -53.37706
342.300        -53.53518
342.500        -53.69677
342.700        -53.86185
342.900        -54.03045
343.100        -54.20259
343.300        -54.37830
343.500        -54.55760
343.700        -54.74052
343.900        -54.92710
344.100        -55.11737
344.300        -55.31139
344.500        -55.50918
344.700        -55.71080
344.900        -55.91629
345.100        -56.12572
345.300        -56.33913
345.500        -56.55660
345.700        -56.77818
345.900        -57.00395
346.100        -57.23398
346.300        -57.46834
346.500        -57.70713
346.700        -57.95043
346.900        -58.19834
347.100        -58.45095
347.300        -58.70838
347.500        -58.97073
347.700        -59.23813
347.900        -59.51070
348.100        -59.78858
348.300        -60.07190
348.500        -60.36083
348.700        -60.65552
348.900        -60.95614
349.100        -61.26287
349.300        -61.57591
349.500        -61.89546
349.700        -62.22174
349.900        -62.55497
350.100        -62.89541
350.300        -63.24332
350.500        -63.59898
350.700        -63.96270
350.900        -64.33478
351.100        -64.71558
351.300        -65.10546
351.500        -65.50482
351.700        -65.91408
351.900        -66.33371
352.100        -66.76418
352.300        -67.20604
352.500        -67.65986
352.700        -68.12626
352.900        -68.60592
353.100        -69.09957
353.300        -69.60802
353.500        -70.13213
353.700        -70.67288
353.900        -71.23130
354.100        -71.80856
354.300        -72.40594
354.500        -73.02485
354.700        -73.66688
354.900        -74.33379
355.100        -75.02755
355.300        -75.75037
355.500        -76.50478
355.700        -77.29364
355.900        -78.12019
356.100        -78.98822
356.300        -79.90206
356.500        -80.86681
356.700        -81.88843
356.900        -82.97403
357.100        -84.13215
357.300        -85.37314
357.500        -86.70975
357.700        -88.15794
357.900        -89.73802
358.100        -91.47643
358.300        -93.40842
358.500        -95.58256
358.700        -98.06834
358.900        -100.97025
359.100        -104.45616
359.300        -108.82186
359.500        -114.66693
359.700        -123.54084
359.900        -142.62568
