% time	cellId	IMSI	frame	sframe	RNTI	mcs	size	ccId
0.165	1	2	17	6	1	12	301	0
0.165	1	1	17	6	2	2	65	0
0.165	2	5	17	6	3	28	749	0
0.166	1	2	17	7	1	12	301	0
0.166	1	1	17	7	2	2	65	0
0.166	2	5	17	7	3	28	749	0
0.167	1	2	17	8	1	12	301	0
0.167	1	1	17	8	2	2	65	0
0.167	2	5	17	8	3	28	749	0
0.168	1	2	17	9	1	12	301	0
0.168	1	1	17	9	2	2	65	0
0.169	1	2	17	10	1	12	301	0
0.169	1	1	17	10	2	2	65	0
0.17	1	2	18	1	1	12	301	0
0.17	1	1	18	1	2	2	65	0
0.171	1	2	18	2	1	12	301	0
0.171	1	1	18	2	2	2	65	0
0.172	1	2	18	3	1	12	301	0
0.172	1	1	18	3	2	2	65	0
0.172	2	5	18	3	3	28	749	0
0.173	1	1	18	4	2	2	137	0
0.173	2	5	18	4	3	28	749	0
0.174	1	1	18	5	2	2	137	0
0.174	2	5	18	5	3	28	749	0
0.175	1	1	18	6	2	2	137	0
0.176	1	1	18	7	2	2	137	0
0.177	1	1	18	8	2	2	137	0
0.178	1	1	18	9	2	2	137	0
0.179	1	1	18	10	2	2	137	0
0.179	2	5	18	10	3	28	749	0
0.18	1	1	19	1	2	2	137	0
0.18	2	5	19	1	3	28	749	0
0.181	1	1	19	2	2	2	137	0
0.181	2	5	19	2	3	28	749	0
0.182	1	1	19	3	2	2	137	0
0.183	1	1	19	4	2	2	137	0
0.184	1	1	19	5	2	2	137	0
0.185	1	1	19	6	2	2	137	0
0.186	2	5	19	7	3	28	749	0
0.187	2	5	19	8	3	28	749	0
0.188	2	5	19	9	3	28	749	0
0.281	2	4	29	2	1	2	65	0
0.282	2	4	29	3	1	2	65	0
0.283	2	4	29	4	1	2	65	0
0.284	2	4	29	5	1	2	65	0
0.285	2	4	29	6	1	2	65	0
0.286	2	4	29	7	1	2	65	0
0.287	2	4	29	8	1	2	65	0
0.288	2	4	29	9	1	2	65	0
0.289	2	4	29	10	1	2	65	0
0.29	2	4	30	1	1	2	65	0
0.291	2	4	30	2	1	2	65	0
0.292	2	4	30	3	1	2	65	0
0.293	2	4	30	4	1	2	65	0
0.294	2	4	30	5	1	2	65	0
0.295	2	4	30	6	1	2	65	0
0.296	2	4	30	7	1	2	65	0
0.297	2	4	30	8	1	2	65	0
0.298	2	4	30	9	1	2	65	0
0.299	2	4	30	10	1	2	65	0
0.3	2	4	31	1	1	2	65	0
0.301	2	4	31	2	1	2	65	0
0.302	2	4	31	3	1	2	65	0
0.303	2	4	31	4	1	2	65	0
0.304	2	4	31	5	1	2	65	0
0.305	2	4	31	6	1	2	65	0
0.306	2	4	31	7	1	2	65	0
0.307	2	4	31	8	1	2	65	0
0.308	2	4	31	9	1	2	65	0
0.309	2	4	31	10	1	2	65	0
0.31	2	4	32	1	1	2	65	0
0.311	2	4	32	2	1	2	65	0
0.312	2	4	32	3	1	2	65	0
0.313	2	4	32	4	1	2	65	0
0.314	2	4	32	5	1	2	65	0
0.315	1	2	32	6	1	4	105	0
0.315	2	4	32	6	1	2	41	0
0.315	2	5	32	6	3	24	533	0
0.316	1	2	32	7	1	4	105	0
0.316	2	4	32	7	1	2	41	0
0.316	2	5	32	7	3	24	533	0
0.317	1	2	32	8	1	4	105	0
0.317	2	4	32	8	1	2	41	0
0.317	2	5	32	8	3	24	533	0
0.318	1	2	32	9	1	4	105	0
0.318	2	4	32	9	1	2	41	0
0.318	2	5	32	9	3	24	533	0
0.319	1	2	32	10	1	4	105	0
0.319	2	4	32	10	1	2	41	0
0.319	2	5	32	10	3	24	533	0
0.32	1	2	33	1	1	4	105	0
0.32	2	4	33	1	1	2	65	0
0.321	1	2	33	2	1	8	209	0
0.322	1	2	33	3	1	8	209	0
0.322	1	1	33	3	2	4	105	0
0.323	1	2	33	4	1	8	209	0
0.323	1	1	33	4	2	4	105	0
0.324	1	2	33	5	1	8	209	0
0.324	1	1	33	5	2	4	105	0
0.325	1	2	33	6	1	8	209	0
0.325	1	1	33	6	2	4	105	0
0.326	1	2	33	7	1	8	209	0
0.326	1	1	33	7	2	4	105	0
0.327	1	2	33	8	1	8	209	0
0.327	1	1	33	8	2	4	105	0
0.328	1	2	33	9	1	8	209	0
0.328	1	1	33	9	2	4	105	0
0.336	2	5	34	7	3	28	749	0
0.402	2	3	41	3	2	2	65	0
0.403	2	3	41	4	2	2	65	0
0.404	2	3	41	5	2	2	65	0
0.405	2	3	41	6	2	2	65	0
0.406	2	3	41	7	2	2	65	0
0.407	2	3	41	8	2	2	65	0
0.408	2	3	41	9	2	2	65	0
0.409	2	3	41	10	2	2	65	0
0.41	2	3	42	1	2	2	65	0
0.411	2	3	42	2	2	2	65	0
0.412	2	3	42	3	2	2	65	0
0.413	2	3	42	4	2	2	65	0
0.414	2	3	42	5	2	2	65	0
0.415	2	3	42	6	2	2	65	0
0.416	2	3	42	7	2	2	65	0
0.417	2	3	42	8	2	2	65	0
0.418	2	3	42	9	2	2	65	0
0.419	2	3	42	10	2	2	65	0
0.42	2	3	43	1	2	2	65	0
0.421	2	3	43	2	2	2	65	0
0.422	2	3	43	3	2	2	65	0
0.423	2	3	43	4	2	2	65	0
0.424	2	3	43	5	2	2	65	0
0.425	2	3	43	6	2	2	65	0
0.426	2	3	43	7	2	2	65	0
0.427	2	3	43	8	2	2	65	0
0.428	2	3	43	9	2	2	65	0
0.429	2	3	43	10	2	2	65	0
0.43	2	3	44	1	2	2	65	0
0.431	2	3	44	2	2	2	65	0
0.432	2	3	44	3	2	2	65	0
0.433	2	3	44	4	2	2	65	0
0.434	2	3	44	5	2	2	65	0
0.435	2	3	44	6	2	2	65	0
0.436	2	3	44	7	2	2	65	0
0.437	2	3	44	8	2	2	65	0
0.438	2	3	44	9	2	2	65	0
0.439	2	3	44	10	2	2	65	0
0.44	2	3	45	1	2	2	65	0
0.441	2	3	45	2	2	2	65	0
0.442	2	3	45	3	2	2	65	0
0.443	2	3	45	4	2	2	65	0
0.444	2	3	45	5	2	2	65	0
0.445	2	3	45	6	2	2	65	0
0.446	2	3	45	7	2	2	65	0
0.447	2	3	45	8	2	2	65	0
0.448	2	3	45	9	2	2	65	0
0.449	2	3	45	10	2	2	65	0
0.45	2	3	46	1	2	2	65	0
0.451	2	3	46	2	2	2	65	0
0.452	2	3	46	3	2	2	65	0
0.453	2	3	46	4	2	2	65	0
0.454	2	3	46	5	2	2	65	0
0.455	2	3	46	6	2	2	65	0
0.456	2	3	46	7	2	2	65	0
0.457	2	3	46	8	2	2	65	0
0.458	2	3	46	9	2	2	65	0
0.459	2	3	46	10	2	2	65	0
0.46	2	3	47	1	2	2	65	0
0.461	2	3	47	2	2	2	65	0
0.462	2	3	47	3	2	2	65	0
0.463	2	3	47	4	2	2	65	0
0.464	2	3	47	5	2	2	65	0
0.465	1	2	47	6	1	6	153	0
0.465	2	5	47	6	3	28	749	0
0.466	1	2	47	7	1	6	153	0
0.466	2	5	47	7	3	28	749	0
0.467	1	2	47	8	1	6	153	0
0.467	2	5	47	8	3	28	749	0
0.468	1	2	47	9	1	6	153	0
0.468	2	3	47	9	2	2	65	0
0.469	1	2	47	10	1	6	153	0
0.469	2	3	47	10	2	2	65	0
0.47	1	2	48	1	1	6	153	0
0.47	2	3	48	1	2	2	65	0
0.471	1	2	48	2	1	6	153	0
0.471	2	3	48	2	2	2	65	0
0.472	1	2	48	3	1	6	153	0
0.472	2	3	48	3	2	2	65	0
0.473	1	2	48	4	1	6	153	0
0.473	2	3	48	4	2	2	65	0
0.474	1	2	48	5	1	6	153	0
0.474	2	3	48	5	2	2	65	0
0.475	1	2	48	6	1	6	153	0
0.475	2	3	48	6	2	2	65	0
0.476	1	2	48	7	1	6	153	0
0.476	2	3	48	7	2	2	65	0
0.477	1	2	48	8	1	6	153	0
0.477	2	3	48	8	2	2	65	0
0.478	1	2	48	9	1	6	153	0
0.478	2	3	48	9	2	2	65	0
0.479	1	2	48	10	1	6	153	0
0.479	2	3	48	10	2	2	65	0
0.48	2	3	49	1	2	2	65	0
0.481	2	3	49	2	2	2	65	0
0.521	2	4	53	2	1	4	105	0
0.522	2	4	53	3	1	4	105	0
0.522	2	3	53	3	2	8	209	0
0.523	2	4	53	4	1	4	105	0
0.523	2	3	53	4	2	8	209	0
0.524	2	4	53	5	1	4	105	0
0.524	2	3	53	5	2	8	209	0
0.525	2	4	53	6	1	4	105	0
0.525	2	3	53	6	2	8	209	0
0.526	2	4	53	7	1	4	105	0
0.526	2	3	53	7	2	8	209	0
0.527	2	4	53	8	1	4	105	0
0.527	2	3	53	8	2	8	209	0
0.528	2	4	53	9	1	4	105	0
0.528	2	3	53	9	2	8	209	0
0.529	2	4	53	10	1	4	105	0
0.529	2	3	53	10	2	8	209	0
0.53	2	4	54	1	1	4	105	0
0.53	2	3	54	1	2	8	209	0
0.531	2	4	54	2	1	4	105	0
0.531	2	3	54	2	2	8	209	0
0.532	2	4	54	3	1	4	105	0
0.532	2	3	54	3	2	8	209	0
0.533	2	4	54	4	1	4	105	0
0.533	2	3	54	4	2	8	209	0
0.534	2	4	54	5	1	4	105	0
0.534	2	3	54	5	2	8	209	0
0.535	2	4	54	6	1	4	105	0
0.535	2	3	54	6	2	8	209	0
0.536	2	4	54	7	1	4	105	0
0.536	2	3	54	7	2	8	209	0
0.537	2	4	54	8	1	0	85	0
0.538	2	4	54	9	1	0	85	0
0.539	2	4	54	10	1	0	85	0
0.54	2	4	55	1	1	0	85	0
0.541	2	4	55	2	1	0	85	0
0.542	2	4	55	3	1	0	85	0
0.543	2	4	55	4	1	0	85	0
0.544	2	4	55	5	1	0	85	0
0.545	2	4	55	6	1	0	85	0
0.546	2	4	55	7	1	0	85	0
0.547	2	4	55	8	1	0	85	0
0.548	2	4	55	9	1	0	85	0
0.549	2	4	55	10	1	0	85	0
0.55	2	4	56	1	1	0	85	0
0.551	2	4	56	2	1	0	85	0
0.552	2	4	56	3	1	0	85	0
0.553	2	4	56	4	1	0	85	0
0.554	2	4	56	5	1	0	85	0
0.555	2	4	56	6	1	0	85	0
0.556	2	4	56	7	1	0	85	0
0.557	2	4	56	8	1	0	85	0
0.558	2	4	56	9	1	0	85	0
0.559	2	4	56	10	1	0	85	0
0.56	2	4	57	1	1	0	85	0
0.615	2	3	62	6	2	6	101	0
0.615	2	5	62	6	3	28	749	0
0.616	2	3	62	7	2	6	101	0
0.616	2	5	62	7	3	28	749	0
0.617	2	3	62	8	2	6	101	0
0.617	2	5	62	8	3	28	749	0
0.618	2	3	62	9	2	6	153	0
0.619	2	3	62	10	2	6	153	0
0.62	2	3	63	1	2	6	153	0
0.621	2	3	63	2	2	6	153	0
0.622	2	3	63	3	2	6	153	0
0.623	2	3	63	4	2	6	153	0
0.624	2	3	63	5	2	6	153	0
0.625	2	3	63	6	2	6	153	0
0.626	2	3	63	7	2	6	153	0
0.627	2	3	63	8	2	6	153	0
0.628	2	3	63	9	2	6	153	0
0.629	2	3	63	10	2	6	153	0
0.63	2	3	64	1	2	6	153	0
0.765	2	5	77	6	3	22	469	0
0.766	2	5	77	7	3	22	469	0
0.767	2	5	77	8	3	22	469	0
0.768	2	5	77	9	3	22	469	0
0.769	2	5	77	10	3	22	469	0
0.786	2	5	79	7	3	22	469	0
0.881	2	4	89	2	1	2	65	0
0.882	2	4	89	3	1	2	65	0
0.883	2	4	89	4	1	2	65	0
0.884	2	4	89	5	1	2	65	0
0.885	2	4	89	6	1	2	65	0
0.886	2	4	89	7	1	2	65	0
0.887	2	4	89	8	1	2	65	0
0.888	2	4	89	9	1	2	65	0
0.889	2	4	89	10	1	2	65	0
0.89	2	4	90	1	1	2	65	0
0.891	2	4	90	2	1	2	65	0
0.892	2	4	90	3	1	2	65	0
0.893	2	4	90	4	1	2	65	0
0.894	2	4	90	5	1	2	65	0
0.895	2	4	90	6	1	2	65	0
0.896	2	4	90	7	1	2	65	0
0.897	2	4	90	8	1	2	65	0
0.898	2	4	90	9	1	2	65	0
0.899	2	4	90	10	1	2	65	0
0.9	2	4	91	1	1	2	65	0
0.901	2	4	91	2	1	2	65	0
0.902	2	4	91	3	1	2	65	0
0.903	2	4	91	4	1	2	65	0
0.904	2	4	91	5	1	2	65	0
0.905	2	4	91	6	1	2	65	0
0.906	2	4	91	7	1	2	65	0
0.907	2	4	91	8	1	2	65	0
0.908	2	4	91	9	1	2	65	0
0.909	2	4	91	10	1	2	65	0
0.91	2	4	92	1	1	2	65	0
0.911	2	4	92	2	1	2	65	0
0.912	2	4	92	3	1	2	65	0
0.913	2	4	92	4	1	2	65	0
0.914	2	4	92	5	1	2	65	0
0.915	2	5	92	6	3	26	621	0
0.915	2	4	92	6	1	8	137	0
0.916	2	5	92	7	3	26	621	0
0.916	2	4	92	7	1	8	137	0
0.917	2	5	92	8	3	26	621	0
0.917	2	4	92	8	1	8	137	0
0.918	2	5	92	9	3	26	621	0
0.918	2	4	92	9	1	8	137	0
0.919	2	4	92	10	1	2	65	0
0.92	2	4	93	1	1	2	65	0
0.921	2	4	93	2	1	4	105	0
0.922	2	4	93	3	1	4	105	0
0.923	2	4	93	4	1	4	105	0
0.924	2	4	93	5	1	4	105	0
0.925	2	4	93	6	1	4	105	0
0.926	2	4	93	7	1	4	105	0
0.927	2	4	93	8	1	4	105	0
0.928	2	4	93	9	1	4	105	0
0.929	2	4	93	10	1	4	105	0
0.93	2	4	94	1	1	4	105	0
0.931	2	4	94	2	1	4	105	0
0.932	2	4	94	3	1	4	105	0
0.933	2	4	94	4	1	4	105	0
0.934	2	4	94	5	1	4	105	0
0.935	2	4	94	6	1	4	105	0
0.936	2	4	94	7	1	4	105	0
0.937	2	4	94	8	1	4	105	0
0.938	2	4	94	9	1	4	105	0
0.939	2	4	94	10	1	4	105	0
0.94	2	4	95	1	1	4	105	0
0.941	2	4	95	2	1	4	105	0
0.942	2	4	95	3	1	4	105	0
0.943	2	4	95	4	1	4	105	0
0.944	2	4	95	5	1	4	105	0
0.945	2	4	95	6	1	4	105	0
0.946	2	4	95	7	1	4	105	0
0.947	2	4	95	8	1	4	105	0
0.948	2	4	95	9	1	4	105	0
0.949	2	4	95	10	1	4	105	0
0.95	2	4	96	1	1	4	105	0
0.951	2	4	96	2	1	4	105	0
0.952	2	4	96	3	1	4	105	0
0.953	2	4	96	4	1	4	105	0
0.954	2	4	96	5	1	4	105	0
0.955	2	4	96	6	1	4	105	0
0.956	2	4	96	7	1	4	105	0
0.957	2	4	96	8	1	4	105	0
0.958	2	4	96	9	1	4	105	0
0.959	2	4	96	10	1	4	105	0
0.96	2	4	97	1	1	4	105	0
0.961	1	2	97	2	1	2	65	0
0.962	1	2	97	3	1	2	65	0
0.963	1	2	97	4	1	2	65	0
0.964	1	2	97	5	1	2	65	0
0.965	1	2	97	6	1	2	65	0
0.966	1	2	97	7	1	2	65	0
0.967	1	2	97	8	1	2	65	0
0.968	1	2	97	9	1	2	65	0
0.969	1	2	97	10	1	2	65	0
0.97	1	2	98	1	1	2	65	0
0.971	1	2	98	2	1	2	65	0
0.972	1	2	98	3	1	2	65	0
0.973	1	2	98	4	1	2	65	0
0.974	1	2	98	5	1	2	65	0
0.975	1	2	98	6	1	2	65	0
0.976	1	2	98	7	1	2	65	0
0.977	1	2	98	8	1	2	65	0
0.978	1	2	98	9	1	2	65	0
0.979	1	2	98	10	1	2	65	0
0.98	1	2	99	1	1	2	65	0
0.981	1	2	99	2	1	2	65	0
0.982	1	2	99	3	1	2	65	0
0.983	1	2	99	4	1	2	65	0
0.984	1	2	99	5	1	2	65	0
0.985	1	2	99	6	1	2	65	0
0.986	1	2	99	7	1	2	65	0
0.987	1	2	99	8	1	2	65	0
0.988	1	2	99	9	1	2	65	0
0.989	1	2	99	10	1	2	65	0
0.99	1	2	100	1	1	2	65	0
0.991	1	2	100	2	1	2	65	0
0.992	1	2	100	3	1	2	65	0
0.993	1	2	100	4	1	2	65	0
0.994	1	2	100	5	1	2	65	0
0.995	1	2	100	6	1	2	65	0
0.996	1	2	100	7	1	2	65	0
0.997	1	2	100	8	1	2	65	0
0.998	1	2	100	9	1	2	65	0
0.999	1	2	100	10	1	2	65	0
1	1	2	101	1	1	2	65	0
1.001	1	2	101	2	1	0	41	0
1.002	1	2	101	3	1	0	41	0
1.002	2	3	101	3	2	0	41	0
1.003	1	2	101	4	1	0	41	0
1.003	2	3	101	4	2	0	41	0
1.004	1	2	101	5	1	0	41	0
1.004	2	3	101	5	2	0	41	0
1.005	1	2	101	6	1	0	41	0
1.005	2	3	101	6	2	0	41	0
1.006	1	2	101	7	1	0	41	0
1.006	2	3	101	7	2	0	41	0
1.007	1	2	101	8	1	0	41	0
1.007	2	3	101	8	2	0	41	0
1.008	1	2	101	9	1	0	41	0
1.008	2	3	101	9	2	0	41	0
1.009	1	2	101	10	1	0	41	0
1.009	2	3	101	10	2	0	41	0
1.01	1	2	102	1	1	0	41	0
1.01	2	3	102	1	2	0	41	0
1.011	1	2	102	2	1	0	41	0
1.011	2	3	102	2	2	0	41	0
1.012	1	2	102	3	1	0	41	0
1.012	2	3	102	3	2	0	41	0
1.013	1	2	102	4	1	0	41	0
1.013	2	3	102	4	2	0	41	0
1.014	1	2	102	5	1	0	41	0
1.014	2	3	102	5	2	0	41	0
1.015	1	2	102	6	1	0	41	0
1.015	2	3	102	6	2	0	41	0
1.016	1	2	102	7	1	0	41	0
1.016	2	3	102	7	2	0	41	0
1.017	1	2	102	8	1	0	41	0
1.017	2	3	102	8	2	0	41	0
1.018	1	2	102	9	1	0	41	0
1.018	2	3	102	9	2	0	41	0
1.019	1	2	102	10	1	0	41	0
1.019	2	3	102	10	2	0	41	0
1.02	1	2	103	1	1	0	41	0
1.02	2	3	103	1	2	0	41	0
1.021	1	2	103	2	1	0	41	0
1.021	2	3	103	2	2	0	41	0
1.022	1	2	103	3	1	0	41	0
1.022	2	3	103	3	2	0	41	0
1.023	1	2	103	4	1	0	41	0
1.023	2	3	103	4	2	0	41	0
1.024	1	2	103	5	1	0	41	0
1.024	2	3	103	5	2	0	41	0
1.025	1	2	103	6	1	0	41	0
1.025	2	3	103	6	2	0	41	0
1.026	1	2	103	7	1	0	41	0
1.026	2	3	103	7	2	0	41	0
1.027	1	2	103	8	1	0	41	0
1.027	2	3	103	8	2	0	41	0
1.028	1	2	103	9	1	0	41	0
1.028	2	3	103	9	2	0	41	0
1.029	1	2	103	10	1	0	41	0
1.029	2	3	103	10	2	0	41	0
1.03	1	2	104	1	1	0	41	0
1.03	2	3	104	1	2	0	41	0
1.031	1	2	104	2	1	0	41	0
1.031	2	3	104	2	2	0	41	0
1.032	1	2	104	3	1	0	41	0
1.032	2	3	104	3	2	0	41	0
1.033	1	2	104	4	1	0	41	0
1.033	2	3	104	4	2	0	41	0
1.034	1	2	104	5	1	0	41	0
1.034	2	3	104	5	2	0	41	0
1.035	1	2	104	6	1	0	41	0
1.035	2	3	104	6	2	0	41	0
1.036	1	2	104	7	1	0	41	0
1.036	2	3	104	7	2	0	41	0
1.037	1	2	104	8	1	0	41	0
1.037	2	3	104	8	2	0	41	0
1.038	1	2	104	9	1	0	41	0
1.038	2	3	104	9	2	0	41	0
1.039	1	2	104	10	1	0	41	0
1.039	2	3	104	10	2	0	41	0
1.04	1	2	105	1	1	0	41	0
1.04	2	3	105	1	2	0	41	0
1.041	2	3	105	2	2	0	41	0
1.065	2	5	107	6	3	28	749	0
1.066	2	5	107	7	3	28	749	0
1.067	2	5	107	8	3	28	749	0
1.082	2	3	109	3	2	8	209	0
1.083	2	3	109	4	2	8	209	0
1.084	2	3	109	5	2	8	209	0
1.085	2	3	109	6	2	8	209	0
1.086	2	3	109	7	2	8	209	0
1.087	2	3	109	8	2	8	209	0
1.088	2	3	109	9	2	8	209	0
1.089	2	3	109	10	2	8	209	0
1.09	2	3	110	1	2	8	209	0
1.091	2	3	110	2	2	8	209	0
1.092	2	3	110	3	2	8	209	0
1.093	2	3	110	4	2	8	209	0
1.094	2	3	110	5	2	8	209	0
1.095	2	3	110	6	2	8	209	0
1.096	2	3	110	7	2	8	209	0
1.097	2	3	110	8	2	8	209	0
1.098	2	3	110	9	2	8	209	0
1.099	2	3	110	10	2	8	209	0
1.1	2	3	111	1	2	8	209	0
1.101	2	3	111	2	2	8	209	0
1.102	2	3	111	3	2	8	209	0
1.103	2	3	111	4	2	8	209	0
1.104	2	3	111	5	2	8	209	0
1.105	2	3	111	6	2	8	209	0
1.106	2	3	111	7	2	8	209	0
1.107	2	3	111	8	2	8	209	0
1.108	2	3	111	9	2	8	209	0
1.162	1	1	117	3	2	0	41	0
1.163	1	1	117	4	2	0	41	0
1.164	1	1	117	5	2	0	41	0
1.165	1	1	117	6	2	0	41	0
1.166	1	1	117	7	2	0	41	0
1.167	1	1	117	8	2	0	41	0
1.168	1	1	117	9	2	0	41	0
1.169	1	1	117	10	2	0	41	0
1.17	1	1	118	1	2	0	41	0
1.171	1	1	118	2	2	0	41	0
1.172	1	1	118	3	2	0	41	0
1.173	1	1	118	4	2	0	41	0
1.174	1	1	118	5	2	0	41	0
1.175	1	1	118	6	2	0	41	0
1.176	1	1	118	7	2	0	41	0
1.177	1	1	118	8	2	0	41	0
1.178	1	1	118	9	2	0	41	0
1.179	1	1	118	10	2	0	41	0
1.18	1	1	119	1	2	0	41	0
1.181	1	1	119	2	2	0	41	0
1.182	1	1	119	3	2	0	41	0
1.183	1	1	119	4	2	0	41	0
1.184	1	1	119	5	2	0	41	0
1.185	1	1	119	6	2	0	41	0
1.186	1	1	119	7	2	0	41	0
1.187	1	1	119	8	2	0	41	0
1.188	1	1	119	9	2	0	41	0
1.189	1	1	119	10	2	0	41	0
1.19	1	1	120	1	2	0	41	0
1.191	1	1	120	2	2	0	41	0
1.192	1	1	120	3	2	0	41	0
1.193	1	1	120	4	2	0	41	0
1.194	1	1	120	5	2	0	41	0
1.195	1	1	120	6	2	0	41	0
1.196	1	1	120	7	2	0	41	0
1.197	1	1	120	8	2	0	41	0
1.198	1	1	120	9	2	0	41	0
1.199	1	1	120	10	2	0	41	0
1.2	1	1	121	1	2	0	41	0
1.201	1	2	121	2	1	10	261	0
1.201	1	1	121	2	2	0	41	0
1.202	1	2	121	3	1	10	261	0
1.203	1	2	121	4	1	10	261	0
1.204	1	2	121	5	1	10	261	0
1.205	1	2	121	6	1	10	261	0
1.206	1	2	121	7	1	10	261	0
1.207	1	2	121	8	1	10	261	0
1.208	1	2	121	9	1	10	261	0
1.209	1	2	121	10	1	10	261	0
1.21	1	2	122	1	1	10	261	0
1.211	1	2	122	2	1	10	261	0
1.212	1	2	122	3	1	10	261	0
1.213	1	2	122	4	1	10	261	0
1.214	1	2	122	5	1	10	261	0
1.215	1	2	122	6	1	10	261	0
1.215	2	5	122	6	3	14	253	0
1.216	1	2	122	7	1	10	261	0
1.216	2	5	122	7	3	14	253	0
1.217	1	2	122	8	1	10	261	0
1.217	2	5	122	8	3	14	253	0
1.218	1	2	122	9	1	10	261	0
1.218	2	5	122	9	3	14	253	0
1.219	1	2	122	10	1	10	261	0
1.219	2	5	122	10	3	14	253	0
1.22	1	2	123	1	1	10	261	0
1.22	2	5	123	1	3	14	253	0
1.221	1	2	123	2	1	10	261	0
1.221	2	5	123	2	3	14	253	0
1.222	1	2	123	3	1	10	261	0
1.222	2	5	123	3	3	14	253	0
1.223	1	2	123	4	1	10	261	0
1.223	2	5	123	4	3	14	253	0
1.224	1	2	123	5	1	10	261	0
1.224	2	5	123	5	3	14	253	0
1.225	1	2	123	6	1	10	261	0
1.225	2	5	123	6	3	14	253	0
1.226	1	2	123	7	1	10	261	0
1.226	2	5	123	7	3	14	253	0
1.227	1	2	123	8	1	10	261	0
1.228	1	2	123	9	1	10	261	0
1.229	1	2	123	10	1	10	261	0
1.23	1	2	124	1	1	10	261	0
1.231	1	2	124	2	1	10	261	0
1.232	1	2	124	3	1	10	261	0
1.233	1	2	124	4	1	10	261	0
1.234	1	2	124	5	1	10	261	0
1.235	1	2	124	6	1	10	261	0
1.236	1	2	124	7	1	10	261	0
1.242	2	3	125	3	2	6	153	0
1.243	2	3	125	4	2	6	153	0
1.244	2	3	125	5	2	6	153	0
1.245	2	3	125	6	2	6	153	0
1.246	2	3	125	7	2	6	153	0
1.247	2	3	125	8	2	6	153	0
1.248	2	3	125	9	2	6	153	0
1.249	2	3	125	10	2	6	153	0
1.25	2	3	126	1	2	6	153	0
1.251	2	3	126	2	2	6	153	0
1.252	2	3	126	3	2	6	153	0
1.253	2	3	126	4	2	6	153	0
1.254	2	3	126	5	2	6	153	0
1.255	2	3	126	6	2	6	153	0
1.256	2	3	126	7	2	6	153	0
1.365	1	2	137	6	1	10	261	0
1.365	1	1	137	6	2	2	65	0
1.365	2	3	137	6	2	0	26	0
1.365	2	5	137	6	3	28	749	0
1.365	2	4	137	6	1	2	41	0
1.366	1	2	137	7	1	10	261	0
1.366	1	1	137	7	2	2	65	0
1.366	2	3	137	7	2	0	26	0
1.366	2	5	137	7	3	28	749	0
1.366	2	4	137	7	1	2	41	0
1.367	1	2	137	8	1	10	261	0
1.367	1	1	137	8	2	2	65	0
1.367	2	3	137	8	2	0	26	0
1.367	2	5	137	8	3	28	749	0
1.367	2	4	137	8	1	2	41	0
1.368	1	2	137	9	1	10	261	0
1.368	1	1	137	9	2	2	65	0
1.368	2	3	137	9	2	0	41	0
1.369	1	2	137	10	1	10	261	0
1.369	1	1	137	10	2	2	65	0
1.369	2	3	137	10	2	0	41	0
1.37	1	2	138	1	1	10	261	0
1.37	1	1	138	1	2	2	65	0
1.37	2	3	138	1	2	0	41	0
1.371	1	2	138	2	1	10	261	0
1.371	1	1	138	2	2	2	65	0
1.371	2	3	138	2	2	0	41	0
1.372	1	2	138	3	1	10	261	0
1.372	1	1	138	3	2	2	65	0
1.372	2	5	138	3	3	28	749	0
1.372	2	3	138	3	2	0	26	0
1.372	2	4	138	3	1	2	41	0
1.373	1	2	138	4	1	10	261	0
1.373	1	1	138	4	2	2	65	0
1.373	2	5	138	4	3	28	749	0
1.373	2	3	138	4	2	0	26	0
1.373	2	4	138	4	1	2	41	0
1.374	2	5	138	5	3	28	749	0
1.374	2	3	138	5	2	0	26	0
1.374	2	4	138	5	1	2	41	0
1.375	2	3	138	6	2	0	41	0
1.376	2	3	138	7	2	0	41	0
1.377	2	3	138	8	2	0	41	0
1.378	2	3	138	9	2	0	41	0
1.379	2	5	138	10	3	28	749	0
1.379	2	3	138	10	2	0	26	0
1.379	2	4	138	10	1	2	41	0
1.38	2	5	139	1	3	28	749	0
1.38	2	3	139	1	2	0	26	0
1.38	2	4	139	1	1	2	41	0
1.381	2	3	139	2	2	0	41	0
1.382	2	3	139	3	2	0	41	0
1.383	2	3	139	4	2	0	41	0
1.384	2	3	139	5	2	0	41	0
1.385	2	3	139	6	2	0	41	0
1.386	2	3	139	7	2	0	41	0
1.387	2	3	139	8	2	0	41	0
1.388	2	3	139	9	2	0	41	0
1.389	2	3	139	10	2	0	41	0
1.39	2	3	140	1	2	0	41	0
1.391	2	3	140	2	2	0	41	0
1.392	2	3	140	3	2	0	41	0
1.393	2	3	140	4	2	0	41	0
1.394	2	3	140	5	2	0	41	0
1.395	2	3	140	6	2	0	41	0
1.396	2	3	140	7	2	0	41	0
1.397	2	3	140	8	2	0	41	0
1.398	2	3	140	9	2	0	41	0
1.399	2	3	140	10	2	0	41	0
1.4	2	3	141	1	2	0	41	0
1.401	2	3	141	2	2	0	41	0
1.401	2	4	141	2	1	2	65	0
1.402	2	4	141	3	1	2	65	0
1.403	2	4	141	4	1	2	65	0
1.404	2	4	141	5	1	2	65	0
1.405	2	4	141	6	1	2	65	0
1.406	2	4	141	7	1	2	65	0
1.407	2	4	141	8	1	2	65	0
1.408	2	4	141	9	1	2	65	0
1.409	2	4	141	10	1	2	65	0
1.41	2	4	142	1	1	2	65	0
1.411	2	4	142	2	1	2	65	0
1.412	2	4	142	3	1	2	65	0
1.413	2	4	142	4	1	2	65	0
1.414	2	4	142	5	1	2	65	0
1.415	2	4	142	6	1	2	65	0
1.416	2	4	142	7	1	2	65	0
1.417	2	4	142	8	1	2	65	0
1.418	2	4	142	9	1	2	65	0
1.419	2	4	142	10	1	2	65	0
1.42	2	4	143	1	1	2	65	0
1.421	2	4	143	2	1	2	65	0
1.422	2	4	143	3	1	2	65	0
1.423	2	4	143	4	1	2	65	0
1.424	2	4	143	5	1	2	65	0
1.425	2	4	143	6	1	2	65	0
1.426	2	4	143	7	1	2	65	0
1.427	2	4	143	8	1	2	65	0
1.428	2	4	143	9	1	2	65	0
1.429	2	4	143	10	1	2	65	0
1.43	2	4	144	1	1	2	65	0
1.431	2	4	144	2	1	2	65	0
1.432	2	4	144	3	1	2	65	0
1.433	2	4	144	4	1	2	65	0
1.434	2	4	144	5	1	2	65	0
1.435	2	4	144	6	1	2	65	0
1.436	2	4	144	7	1	2	65	0
1.437	2	4	144	8	1	2	65	0
1.438	2	4	144	9	1	2	65	0
1.439	2	4	144	10	1	2	65	0
1.44	2	4	145	1	1	2	65	0
1.515	2	3	152	6	2	0	26	0
1.515	2	5	152	6	3	12	201	0
1.515	2	4	152	6	1	2	41	0
1.516	2	3	152	7	2	0	26	0
1.516	2	5	152	7	3	12	201	0
1.516	2	4	152	7	1	2	41	0
1.517	2	3	152	8	2	0	26	0
1.517	2	5	152	8	3	12	201	0
1.517	2	4	152	8	1	2	41	0
1.518	2	3	152	9	2	0	26	0
1.518	2	5	152	9	3	12	201	0
1.518	2	4	152	9	1	2	41	0
1.519	2	3	152	10	2	0	26	0
1.519	2	5	152	10	3	12	201	0
1.519	2	4	152	10	1	2	41	0
1.52	2	3	153	1	2	0	26	0
1.52	2	5	153	1	3	12	201	0
1.52	2	4	153	1	1	2	41	0
1.521	1	2	153	2	1	2	65	0
1.521	2	3	153	2	2	0	26	0
1.521	2	5	153	2	3	12	201	0
1.522	1	2	153	3	1	2	65	0
1.522	2	5	153	3	3	12	201	0
1.523	1	2	153	4	1	2	65	0
1.523	2	5	153	4	3	26	621	0
1.524	1	2	153	5	1	2	65	0
1.525	1	2	153	6	1	2	65	0
1.526	1	2	153	7	1	2	65	0
1.527	1	2	153	8	1	2	65	0
1.528	1	2	153	9	1	2	65	0
1.529	1	2	153	10	1	2	65	0
1.53	1	2	154	1	1	2	65	0
1.53	2	5	154	1	3	26	621	0
1.531	1	2	154	2	1	2	65	0
1.532	1	2	154	3	1	2	65	0
1.533	1	2	154	4	1	2	65	0
1.534	1	2	154	5	1	2	65	0
1.535	1	2	154	6	1	2	65	0
1.536	1	2	154	7	1	2	65	0
1.537	1	2	154	8	1	2	65	0
1.538	1	2	154	9	1	2	65	0
1.539	1	2	154	10	1	2	65	0
1.54	1	2	155	1	1	2	65	0
1.541	1	2	155	2	1	2	65	0
1.542	1	2	155	3	1	2	65	0
1.543	1	2	155	4	1	2	65	0
1.544	1	2	155	5	1	2	65	0
1.545	1	2	155	6	1	2	65	0
1.546	1	2	155	7	1	2	65	0
1.547	1	2	155	8	1	2	65	0
1.548	1	2	155	9	1	2	65	0
1.549	1	2	155	10	1	2	65	0
1.55	1	2	156	1	1	2	65	0
1.551	1	2	156	2	1	2	65	0
1.552	1	2	156	3	1	2	65	0
1.553	1	2	156	4	1	2	65	0
1.554	1	2	156	5	1	2	65	0
1.562	2	3	157	3	2	0	41	0
1.563	2	3	157	4	2	0	41	0
1.564	2	3	157	5	2	0	41	0
1.565	2	3	157	6	2	0	41	0
1.566	2	3	157	7	2	0	41	0
1.567	2	3	157	8	2	0	41	0
1.568	2	3	157	9	2	0	41	0
1.569	2	3	157	10	2	0	41	0
1.57	2	3	158	1	2	0	41	0
1.571	2	3	158	2	2	0	41	0
1.572	2	3	158	3	2	0	41	0
1.573	2	3	158	4	2	0	41	0
1.574	2	3	158	5	2	0	41	0
1.575	2	3	158	6	2	0	41	0
1.576	2	3	158	7	2	0	41	0
1.577	2	3	158	8	2	0	41	0
1.578	2	3	158	9	2	0	41	0
1.579	2	3	158	10	2	0	41	0
1.58	2	3	159	1	2	0	41	0
1.581	2	3	159	2	2	0	41	0
1.582	2	3	159	3	2	0	41	0
1.583	2	3	159	4	2	0	41	0
1.584	2	3	159	5	2	0	41	0
1.585	2	3	159	6	2	0	41	0
1.586	2	3	159	7	2	0	41	0
1.587	2	3	159	8	2	0	41	0
1.588	2	3	159	9	2	0	41	0
1.589	2	3	159	10	2	0	41	0
1.59	2	3	160	1	2	0	41	0
1.591	2	3	160	2	2	0	41	0
1.592	2	3	160	3	2	0	41	0
1.593	2	3	160	4	2	0	41	0
1.594	2	3	160	5	2	0	41	0
1.595	2	3	160	6	2	0	41	0
1.596	2	3	160	7	2	0	41	0
1.597	2	3	160	8	2	0	41	0
1.598	2	3	160	9	2	0	41	0
1.599	2	3	160	10	2	0	41	0
1.6	2	3	161	1	2	0	41	0
1.601	2	3	161	2	2	0	41	0
1.601	2	4	161	2	1	4	105	0
1.602	2	4	161	3	1	4	105	0
1.603	2	4	161	4	1	4	105	0
1.604	2	4	161	5	1	4	105	0
1.605	2	4	161	6	1	4	105	0
1.606	2	4	161	7	1	4	105	0
1.607	2	4	161	8	1	4	105	0
1.608	2	4	161	9	1	4	105	0
1.609	2	4	161	10	1	4	105	0
1.61	2	4	162	1	1	4	105	0
1.611	2	4	162	2	1	4	105	0
1.612	2	4	162	3	1	4	105	0
1.613	2	4	162	4	1	4	105	0
1.614	2	4	162	5	1	4	105	0
1.615	2	4	162	6	1	4	105	0
1.616	2	4	162	7	1	4	105	0
1.617	2	4	162	8	1	4	105	0
1.618	2	4	162	9	1	4	105	0
1.619	2	4	162	10	1	4	105	0
1.62	2	4	163	1	1	4	105	0
1.621	2	4	163	2	1	4	105	0
1.622	2	4	163	3	1	4	105	0
1.623	2	4	163	4	1	4	105	0
1.624	2	4	163	5	1	4	105	0
1.625	2	4	163	6	1	4	105	0
1.626	2	4	163	7	1	4	105	0
1.627	2	4	163	8	1	4	105	0
1.628	2	4	163	9	1	4	105	0
1.629	2	4	163	10	1	4	105	0
1.63	2	4	164	1	1	4	105	0
1.631	2	4	164	2	1	4	105	0
1.632	2	4	164	3	1	4	105	0
1.633	2	4	164	4	1	4	105	0
1.634	2	4	164	5	1	4	105	0
1.635	2	4	164	6	1	4	105	0
1.636	2	4	164	7	1	4	105	0
1.637	2	4	164	8	1	4	105	0
1.638	2	4	164	9	1	4	105	0
1.639	2	4	164	10	1	4	105	0
1.64	2	4	165	1	1	4	105	0
1.642	1	1	165	3	2	4	225	0
1.642	2	3	165	3	2	2	65	0
1.643	1	1	165	4	2	4	225	0
1.643	2	3	165	4	2	2	65	0
1.644	1	1	165	5	2	4	225	0
1.644	2	3	165	5	2	2	65	0
1.645	1	1	165	6	2	4	225	0
1.645	2	3	165	6	2	2	65	0
1.646	1	1	165	7	2	4	225	0
1.646	2	3	165	7	2	2	65	0
1.647	1	1	165	8	2	4	225	0
1.647	2	3	165	8	2	2	65	0
1.648	1	1	165	9	2	4	225	0
1.648	2	3	165	9	2	2	65	0
1.649	1	1	165	10	2	4	225	0
1.649	2	3	165	10	2	2	65	0
1.65	1	1	166	1	2	4	225	0
1.65	2	3	166	1	2	2	65	0
1.651	1	1	166	2	2	4	225	0
1.651	2	3	166	2	2	2	65	0
1.652	1	1	166	3	2	4	225	0
1.652	2	3	166	3	2	2	65	0
1.653	1	1	166	4	2	4	225	0
1.653	2	3	166	4	2	2	65	0
1.654	1	1	166	5	2	4	225	0
1.654	2	3	166	5	2	2	65	0
1.655	1	1	166	6	2	4	225	0
1.655	2	3	166	6	2	2	65	0
1.656	1	1	166	7	2	4	225	0
1.656	2	3	166	7	2	2	65	0
1.657	1	1	166	8	2	4	225	0
1.657	2	3	166	8	2	2	65	0
1.658	1	1	166	9	2	4	225	0
1.658	2	3	166	9	2	2	65	0
1.659	1	1	166	10	2	4	225	0
1.659	2	3	166	10	2	2	65	0
1.66	1	1	167	1	2	4	225	0
1.66	2	3	167	1	2	2	65	0
1.661	1	1	167	2	2	4	225	0
1.661	2	3	167	2	2	2	65	0
1.662	1	1	167	3	2	4	225	0
1.662	2	3	167	3	2	2	65	0
1.663	1	1	167	4	2	4	225	0
1.663	2	3	167	4	2	2	65	0
1.664	1	1	167	5	2	4	225	0
1.664	2	3	167	5	2	2	65	0
1.665	1	1	167	6	2	6	153	0
1.665	2	3	167	6	2	2	41	0
1.665	2	5	167	6	3	28	749	0
1.666	1	1	167	7	2	6	153	0
1.666	2	3	167	7	2	2	41	0
1.666	2	5	167	7	3	28	749	0
1.667	1	1	167	8	2	6	153	0
1.667	2	3	167	8	2	2	41	0
1.667	2	5	167	8	3	28	749	0
1.668	1	1	167	9	2	6	153	0
1.668	2	3	167	9	2	2	65	0
1.669	1	1	167	10	2	6	153	0
1.669	2	3	167	10	2	2	65	0
1.67	1	1	168	1	2	6	153	0
1.67	2	3	168	1	2	2	65	0
1.671	1	1	168	2	2	6	153	0
1.671	2	3	168	2	2	2	65	0
1.672	1	1	168	3	2	6	153	0
1.672	2	5	168	3	3	28	749	0
1.672	2	3	168	3	2	2	41	0
1.673	1	1	168	4	2	6	153	0
1.673	2	5	168	4	3	28	749	0
1.673	2	3	168	4	2	2	41	0
1.674	1	1	168	5	2	6	153	0
1.674	2	5	168	5	3	28	749	0
1.674	2	3	168	5	2	2	41	0
1.675	1	1	168	6	2	6	153	0
1.675	2	3	168	6	2	2	65	0
1.676	1	1	168	7	2	6	153	0
1.676	2	3	168	7	2	2	65	0
1.677	1	1	168	8	2	6	153	0
1.677	2	3	168	8	2	2	65	0
1.678	1	1	168	9	2	6	153	0
1.678	2	3	168	9	2	2	65	0
1.679	1	1	168	10	2	6	153	0
1.679	2	3	168	10	2	2	65	0
1.68	1	1	169	1	2	6	153	0
1.68	2	3	169	1	2	2	65	0
1.681	1	1	169	2	2	6	153	0
1.681	2	3	169	2	2	2	65	0
1.681	2	4	169	2	1	0	41	0
1.682	1	1	169	3	2	0	41	0
1.682	2	3	169	3	2	14	389	0
1.682	2	4	169	3	1	0	41	0
1.683	1	1	169	4	2	0	41	0
1.683	2	3	169	4	2	14	389	0
1.683	2	4	169	4	1	0	41	0
1.684	1	1	169	5	2	0	41	0
1.684	2	3	169	5	2	14	389	0
1.684	2	4	169	5	1	0	41	0
1.685	1	1	169	6	2	0	41	0
1.685	2	3	169	6	2	14	389	0
1.685	2	4	169	6	1	0	41	0
1.686	1	1	169	7	2	0	41	0
1.686	2	3	169	7	2	14	389	0
1.686	2	4	169	7	1	0	41	0
1.687	1	1	169	8	2	0	41	0
1.687	2	4	169	8	1	0	85	0
1.688	1	1	169	9	2	0	41	0
1.688	2	4	169	9	1	0	85	0
1.689	1	1	169	10	2	0	41	0
1.689	2	4	169	10	1	0	85	0
1.69	1	1	170	1	2	0	41	0
1.69	2	4	170	1	1	0	85	0
1.691	1	1	170	2	2	0	41	0
1.691	2	4	170	2	1	0	85	0
1.692	1	1	170	3	2	0	41	0
1.692	2	4	170	3	1	0	85	0
1.693	1	1	170	4	2	0	41	0
1.693	2	4	170	4	1	0	85	0
1.694	1	1	170	5	2	0	41	0
1.694	2	4	170	5	1	0	85	0
1.695	1	1	170	6	2	0	41	0
1.695	2	4	170	6	1	0	85	0
1.696	1	1	170	7	2	0	41	0
1.696	2	4	170	7	1	0	85	0
1.697	1	1	170	8	2	0	41	0
1.697	2	4	170	8	1	0	85	0
1.698	1	1	170	9	2	0	41	0
1.698	2	4	170	9	1	0	85	0
1.699	1	1	170	10	2	0	41	0
1.699	2	4	170	10	1	0	85	0
1.7	1	1	171	1	2	0	41	0
1.7	2	4	171	1	1	0	85	0
1.701	1	1	171	2	2	0	41	0
1.701	2	4	171	2	1	0	85	0
1.702	1	1	171	3	2	0	41	0
1.702	2	4	171	3	1	0	85	0
1.703	1	1	171	4	2	0	41	0
1.703	2	4	171	4	1	0	85	0
1.704	1	1	171	5	2	0	41	0
1.704	2	4	171	5	1	0	85	0
1.705	1	1	171	6	2	0	41	0
1.705	2	4	171	6	1	0	85	0
1.706	1	1	171	7	2	0	41	0
1.706	2	4	171	7	1	0	85	0
1.707	1	1	171	8	2	0	41	0
1.707	2	4	171	8	1	0	85	0
1.708	1	1	171	9	2	0	41	0
1.708	2	4	171	9	1	0	85	0
1.709	1	1	171	10	2	0	41	0
1.709	2	4	171	10	1	0	85	0
1.71	1	1	172	1	2	0	41	0
1.71	2	4	172	1	1	0	85	0
1.711	1	1	172	2	2	0	41	0
1.711	2	4	172	2	1	0	85	0
1.712	1	1	172	3	2	0	41	0
1.712	2	4	172	3	1	0	85	0
1.713	1	1	172	4	2	0	41	0
1.713	2	4	172	4	1	0	85	0
1.714	1	1	172	5	2	0	41	0
1.714	2	4	172	5	1	0	85	0
1.715	1	1	172	6	2	0	41	0
1.715	2	4	172	6	1	0	85	0
1.716	1	1	172	7	2	0	41	0
1.716	2	4	172	7	1	0	85	0
1.717	1	1	172	8	2	0	41	0
1.717	2	4	172	8	1	0	85	0
1.718	1	1	172	9	2	0	41	0
1.718	2	4	172	9	1	0	85	0
1.719	1	1	172	10	2	0	41	0
1.719	2	4	172	10	1	0	85	0
1.72	1	1	173	1	2	0	41	0
1.72	2	4	173	1	1	0	85	0
1.721	1	1	173	2	2	0	41	0
1.722	1	1	173	3	2	0	41	0
1.723	1	1	173	4	2	0	41	0
1.724	1	1	173	5	2	0	41	0
1.725	1	1	173	6	2	0	41	0
1.726	1	1	173	7	2	0	41	0
1.727	1	1	173	8	2	0	41	0
1.728	1	1	173	9	2	0	41	0
1.729	1	1	173	10	2	0	41	0
1.73	1	1	174	1	2	0	41	0
1.731	1	1	174	2	2	0	41	0
1.732	1	1	174	3	2	0	41	0
1.733	1	1	174	4	2	0	41	0
1.734	1	1	174	5	2	0	41	0
1.735	1	1	174	6	2	0	41	0
1.736	1	1	174	7	2	0	41	0
1.737	1	1	174	8	2	0	41	0
1.738	1	1	174	9	2	0	41	0
1.739	1	1	174	10	2	0	41	0
1.74	1	1	175	1	2	0	41	0
1.741	1	1	175	2	2	0	41	0
1.742	1	1	175	3	2	0	41	0
1.743	1	1	175	4	2	0	41	0
1.744	1	1	175	5	2	0	41	0
1.745	1	1	175	6	2	0	41	0
1.746	1	1	175	7	2	0	41	0
1.747	1	1	175	8	2	0	41	0
1.748	1	1	175	9	2	0	41	0
1.749	1	1	175	10	2	0	41	0
1.75	1	1	176	1	2	0	41	0
1.751	1	1	176	2	2	0	41	0
1.752	1	1	176	3	2	0	41	0
1.753	1	1	176	4	2	0	41	0
1.754	1	1	176	5	2	0	41	0
1.755	1	1	176	6	2	0	41	0
1.756	1	1	176	7	2	0	41	0
1.757	1	1	176	8	2	0	41	0
1.758	1	1	176	9	2	0	41	0
1.759	1	1	176	10	2	0	41	0
1.76	1	1	177	1	2	0	41	0
1.761	1	2	177	2	1	10	261	0
1.761	1	1	177	2	2	0	41	0
1.762	1	2	177	3	1	10	261	0
1.762	1	1	177	3	2	4	105	0
1.763	1	2	177	4	1	10	261	0
1.763	1	1	177	4	2	4	105	0
1.764	1	2	177	5	1	10	261	0
1.764	1	1	177	5	2	4	105	0
1.765	1	2	177	6	1	10	261	0
1.765	1	1	177	6	2	4	105	0
1.766	1	2	177	7	1	10	261	0
1.766	1	1	177	7	2	4	105	0
1.767	1	2	177	8	1	10	261	0
1.767	1	1	177	8	2	4	105	0
1.768	1	2	177	9	1	10	261	0
1.768	1	1	177	9	2	4	105	0
1.769	1	2	177	10	1	10	261	0
1.769	1	1	177	10	2	4	105	0
1.77	1	1	178	1	2	4	225	0
1.771	1	1	178	2	2	4	225	0
1.772	1	1	178	3	2	4	225	0
1.773	1	1	178	4	2	4	225	0
1.774	1	1	178	5	2	4	225	0
1.775	1	1	178	6	2	4	225	0
1.776	1	1	178	7	2	4	225	0
1.777	1	1	178	8	2	4	225	0
1.778	1	1	178	9	2	4	225	0
1.779	1	1	178	10	2	4	225	0
1.78	1	1	179	1	2	4	225	0
1.815	2	3	182	6	2	2	41	0
1.815	2	5	182	6	3	28	749	0
1.816	2	3	182	7	2	2	41	0
1.816	2	5	182	7	3	28	749	0
1.817	2	3	182	8	2	2	41	0
1.817	2	5	182	8	3	28	749	0
1.841	1	2	185	2	1	0	41	0
1.841	2	4	185	2	1	4	105	0
1.842	1	2	185	3	1	0	41	0
1.842	1	1	185	3	2	6	153	0
1.842	2	4	185	3	1	4	105	0
1.843	1	2	185	4	1	0	41	0
1.843	1	1	185	4	2	6	153	0
1.843	2	4	185	4	1	4	105	0
1.844	1	2	185	5	1	0	41	0
1.844	1	1	185	5	2	6	153	0
1.844	2	4	185	5	1	4	105	0
1.845	1	2	185	6	1	0	41	0
1.845	1	1	185	6	2	6	153	0
1.845	2	4	185	6	1	4	105	0
1.846	1	2	185	7	1	0	41	0
1.846	1	1	185	7	2	6	153	0
1.846	2	4	185	7	1	4	105	0
1.847	1	2	185	8	1	0	41	0
1.847	1	1	185	8	2	6	153	0
1.847	2	4	185	8	1	4	105	0
1.848	1	2	185	9	1	0	41	0
1.848	1	1	185	9	2	6	153	0
1.848	2	4	185	9	1	4	105	0
1.849	1	2	185	10	1	0	41	0
1.849	1	1	185	10	2	6	153	0
1.849	2	4	185	10	1	4	105	0
1.85	1	2	186	1	1	0	41	0
1.85	1	1	186	1	2	6	153	0
1.85	2	4	186	1	1	4	105	0
1.851	1	2	186	2	1	0	41	0
1.851	1	1	186	2	2	6	153	0
1.851	2	4	186	2	1	4	105	0
1.852	1	2	186	3	1	0	41	0
1.852	1	1	186	3	2	6	153	0
1.852	2	4	186	3	1	4	105	0
1.853	1	2	186	4	1	0	41	0
1.853	1	1	186	4	2	6	153	0
1.853	2	4	186	4	1	4	105	0
1.854	1	2	186	5	1	0	41	0
1.854	1	1	186	5	2	6	153	0
1.854	2	4	186	5	1	4	105	0
1.855	1	2	186	6	1	0	41	0
1.855	1	1	186	6	2	6	153	0
1.855	2	4	186	6	1	4	105	0
1.856	1	2	186	7	1	0	41	0
1.856	1	1	186	7	2	6	153	0
1.856	2	4	186	7	1	4	105	0
1.857	2	4	186	8	1	4	105	0
1.858	2	4	186	9	1	4	105	0
1.859	2	4	186	10	1	4	105	0
1.86	2	4	187	1	1	4	105	0
1.861	2	4	187	2	1	4	105	0
1.862	2	4	187	3	1	4	105	0
1.863	2	4	187	4	1	4	105	0
1.864	2	4	187	5	1	4	105	0
1.865	2	4	187	6	1	4	105	0
1.961	1	2	197	2	1	4	225	0
1.962	1	2	197	3	1	4	225	0
1.963	1	2	197	4	1	4	225	0
1.964	1	2	197	5	1	4	225	0
1.965	1	1	197	6	2	2	65	0
1.965	1	2	197	6	1	4	105	0
1.965	2	5	197	6	3	28	749	0
1.966	1	1	197	7	2	2	65	0
1.966	1	2	197	7	1	4	105	0
1.966	2	5	197	7	3	28	749	0
1.967	1	1	197	8	2	2	65	0
1.967	1	2	197	8	1	4	105	0
1.967	2	5	197	8	3	28	749	0
1.968	1	1	197	9	2	2	65	0
1.968	1	2	197	9	1	4	105	0
1.968	2	5	197	9	3	28	749	0
1.969	1	1	197	10	2	2	65	0
1.969	1	2	197	10	1	4	105	0
1.969	2	5	197	10	3	28	749	0
1.97	1	1	198	1	2	2	65	0
1.97	1	2	198	1	1	4	105	0
1.97	2	5	198	1	3	28	749	0
1.971	1	1	198	2	2	2	65	0
1.971	1	2	198	2	1	4	105	0
1.971	2	5	198	2	3	28	749	0
1.972	1	1	198	3	2	2	65	0
1.972	1	2	198	3	1	4	105	0
1.973	1	1	198	4	2	2	65	0
1.973	1	2	198	4	1	4	105	0
1.974	1	1	198	5	2	2	65	0
1.974	1	2	198	5	1	4	105	0
1.975	1	1	198	6	2	2	65	0
1.975	1	2	198	6	1	4	105	0
1.975	2	5	198	6	3	28	749	0
1.976	1	1	198	7	2	2	65	0
1.976	1	2	198	7	1	4	105	0
1.977	1	1	198	8	2	2	65	0
1.977	1	2	198	8	1	4	105	0
1.977	2	5	198	8	3	28	749	0
1.978	1	1	198	9	2	2	65	0
1.978	1	2	198	9	1	4	105	0
1.978	2	5	198	9	3	28	749	0
1.979	1	1	198	10	2	2	65	0
1.979	1	2	198	10	1	4	105	0
1.98	1	1	199	1	2	2	65	0
1.98	1	2	199	1	1	4	105	0
1.981	1	1	199	2	2	2	65	0
1.981	1	2	199	2	1	4	105	0
1.982	1	1	199	3	2	2	65	0
1.982	1	2	199	3	1	4	105	0
1.983	1	1	199	4	2	2	65	0
1.983	1	2	199	4	1	4	105	0
1.984	1	1	199	5	2	2	65	0
1.984	1	2	199	5	1	4	105	0
1.985	1	1	199	6	2	2	65	0
1.985	1	2	199	6	1	4	105	0
1.986	1	1	199	7	2	2	65	0
1.986	1	2	199	7	1	4	105	0
1.987	1	1	199	8	2	2	65	0
1.987	1	2	199	8	1	4	105	0
1.988	1	1	199	9	2	2	65	0
1.988	1	2	199	9	1	4	105	0
1.989	1	1	199	10	2	2	65	0
1.989	1	2	199	10	1	4	105	0
1.989	2	5	199	10	3	28	749	0
1.99	1	1	200	1	2	2	65	0
1.99	1	2	200	1	1	4	105	0
1.99	2	5	200	1	3	28	749	0
1.991	1	1	200	2	2	2	65	0
1.991	1	2	200	2	1	4	105	0
1.991	2	5	200	2	3	28	749	0
1.992	1	1	200	3	2	2	65	0
1.992	1	2	200	3	1	4	105	0
1.993	1	1	200	4	2	2	65	0
1.993	1	2	200	4	1	4	105	0
1.994	1	1	200	5	2	2	65	0
1.994	1	2	200	5	1	4	105	0
1.995	1	1	200	6	2	2	65	0
1.995	1	2	200	6	1	4	105	0
1.996	1	1	200	7	2	2	65	0
1.996	1	2	200	7	1	4	105	0
1.996	2	5	200	7	3	28	749	0
1.997	1	1	200	8	2	2	65	0
1.997	1	2	200	8	1	4	105	0
1.997	2	5	200	8	3	28	749	0
1.998	1	1	200	9	2	2	65	0
1.998	1	2	200	9	1	4	105	0
1.998	2	5	200	9	3	28	749	0
1.999	1	2	200	10	1	4	225	0
2	1	2	201	1	1	4	225	0
2.001	2	4	201	2	1	2	65	0
2.002	2	4	201	3	1	2	65	0
2.003	2	4	201	4	1	2	65	0
2.004	2	4	201	5	1	2	65	0
2.005	2	4	201	6	1	2	65	0
2.006	2	4	201	7	1	2	65	0
2.007	2	4	201	8	1	2	65	0
2.008	2	4	201	9	1	2	65	0
2.009	2	4	201	10	1	2	65	0
2.01	2	4	202	1	1	2	65	0
2.011	2	4	202	2	1	2	65	0
2.012	2	4	202	3	1	2	65	0
2.013	2	4	202	4	1	2	65	0
2.014	2	4	202	5	1	2	65	0
2.015	2	4	202	6	1	2	65	0
2.016	2	4	202	7	1	2	65	0
2.017	2	4	202	8	1	2	65	0
2.018	2	4	202	9	1	2	65	0
2.019	2	4	202	10	1	2	65	0
2.02	2	4	203	1	1	2	65	0
2.021	2	4	203	2	1	2	65	0
2.022	2	4	203	3	1	2	65	0
2.023	2	4	203	4	1	2	65	0
2.024	2	4	203	5	1	2	65	0
2.025	2	4	203	6	1	2	65	0
2.026	2	4	203	7	1	2	65	0
2.027	2	4	203	8	1	2	65	0
2.028	2	4	203	9	1	2	65	0
2.029	2	4	203	10	1	2	65	0
2.03	2	4	204	1	1	2	65	0
2.031	2	4	204	2	1	2	65	0
2.032	2	4	204	3	1	2	65	0
2.033	2	4	204	4	1	2	65	0
2.034	2	4	204	5	1	2	65	0
2.115	1	1	212	6	2	14	389	0
2.115	2	5	212	6	3	28	749	0
2.116	1	1	212	7	2	14	389	0
2.116	2	5	212	7	3	28	749	0
2.117	1	1	212	8	2	14	389	0
2.117	2	5	212	8	3	28	749	0
2.118	1	1	212	9	2	14	389	0
2.119	1	1	212	10	2	14	389	0
2.12	1	1	213	1	2	14	389	0
2.121	1	2	213	2	1	0	85	0
2.122	1	2	213	3	1	0	85	0
2.122	2	5	213	3	3	28	749	0
2.122	2	4	213	3	1	2	41	0
2.123	1	2	213	4	1	0	85	0
2.123	2	5	213	4	3	28	749	0
2.123	2	4	213	4	1	2	41	0
2.124	1	2	213	5	1	0	85	0
2.124	2	5	213	5	3	28	749	0
2.124	2	4	213	5	1	2	41	0
2.125	1	2	213	6	1	0	85	0
2.126	1	2	213	7	1	0	85	0
2.127	1	2	213	8	1	0	85	0
2.128	1	2	213	9	1	0	85	0
2.129	1	2	213	10	1	0	85	0
2.13	1	2	214	1	1	0	85	0
2.131	1	2	214	2	1	0	85	0
2.132	1	2	214	3	1	0	85	0
2.133	1	2	214	4	1	0	85	0
2.134	1	2	214	5	1	0	85	0
2.135	1	2	214	6	1	0	85	0
2.136	1	2	214	7	1	0	85	0
2.137	1	2	214	8	1	0	85	0
2.138	1	2	214	9	1	0	85	0
2.139	1	2	214	10	1	0	85	0
2.14	1	2	215	1	1	0	85	0
2.141	1	2	215	2	1	0	85	0
2.142	1	2	215	3	1	0	85	0
2.143	1	2	215	4	1	0	85	0
2.144	1	2	215	5	1	0	85	0
2.145	1	2	215	6	1	0	85	0
2.146	1	2	215	7	1	0	85	0
2.202	2	3	221	3	2	6	153	0
2.203	2	3	221	4	2	6	153	0
2.204	2	3	221	5	2	6	153	0
2.205	2	3	221	6	2	6	153	0
2.206	2	3	221	7	2	6	153	0
2.207	2	3	221	8	2	6	153	0
2.208	2	3	221	9	2	6	153	0
2.209	2	3	221	10	2	6	153	0
2.21	2	3	222	1	2	6	153	0
2.211	2	3	222	2	2	6	153	0
2.212	2	3	222	3	2	6	153	0
2.213	2	3	222	4	2	6	153	0
2.214	2	3	222	5	2	6	153	0
2.215	2	3	222	6	2	6	153	0
2.216	2	3	222	7	2	6	153	0
2.217	2	3	222	8	2	6	153	0
2.218	2	3	222	9	2	6	153	0
2.219	2	3	222	10	2	6	153	0
2.22	2	3	223	1	2	6	153	0
2.221	2	3	223	2	2	6	153	0
2.222	2	3	223	3	2	6	153	0
2.223	2	3	223	4	2	6	153	0
2.224	2	3	223	5	2	6	153	0
2.225	2	3	223	6	2	6	153	0
2.226	2	3	223	7	2	6	153	0
2.227	2	3	223	8	2	6	153	0
2.228	2	3	223	9	2	6	153	0
2.229	2	3	223	10	2	6	153	0
2.23	2	3	224	1	2	6	153	0
2.231	2	3	224	2	2	6	153	0
2.232	2	3	224	3	2	6	153	0
2.233	2	3	224	4	2	6	153	0
2.234	2	3	224	5	2	6	153	0
2.235	2	3	224	6	2	6	153	0
2.236	2	3	224	7	2	6	153	0
2.237	2	3	224	8	2	6	153	0
2.238	2	3	224	9	2	6	153	0
2.239	2	3	224	10	2	6	153	0
2.24	2	3	225	1	2	6	153	0
2.241	2	3	225	2	2	6	153	0
2.242	2	3	225	3	2	8	209	0
2.243	2	3	225	4	2	8	209	0
2.265	2	3	227	6	2	8	137	0
2.265	2	5	227	6	3	28	749	0
2.266	2	3	227	7	2	8	137	0
2.266	2	5	227	7	3	28	749	0
2.267	2	3	227	8	2	8	137	0
2.267	2	5	227	8	3	28	749	0
2.268	2	3	227	9	2	8	209	0
2.269	2	3	227	10	2	8	209	0
2.27	2	3	228	1	2	8	209	0
2.271	2	3	228	2	2	8	209	0
2.272	2	3	228	3	2	8	209	0
2.273	2	3	228	4	2	8	209	0
2.274	2	3	228	5	2	8	209	0
2.275	2	3	228	6	2	8	209	0
2.276	2	3	228	7	2	8	209	0
2.282	1	1	229	3	2	0	41	0
2.283	1	1	229	4	2	0	41	0
2.284	1	1	229	5	2	0	41	0
2.285	1	1	229	6	2	0	41	0
2.286	1	1	229	7	2	0	41	0
2.287	1	1	229	8	2	0	41	0
2.288	1	1	229	9	2	0	41	0
2.289	1	1	229	10	2	0	41	0
2.29	1	1	230	1	2	0	41	0
2.291	1	1	230	2	2	0	41	0
2.292	1	1	230	3	2	0	41	0
2.293	1	1	230	4	2	0	41	0
2.294	1	1	230	5	2	0	41	0
2.295	1	1	230	6	2	0	41	0
2.296	1	1	230	7	2	0	41	0
2.297	1	1	230	8	2	0	41	0
2.298	1	1	230	9	2	0	41	0
2.299	1	1	230	10	2	0	41	0
2.3	1	1	231	1	2	0	41	0
2.301	1	1	231	2	2	0	41	0
2.302	1	1	231	3	2	0	41	0
2.303	1	1	231	4	2	0	41	0
2.304	1	1	231	5	2	0	41	0
2.305	1	1	231	6	2	0	41	0
2.306	1	1	231	7	2	0	41	0
2.307	1	1	231	8	2	0	41	0
2.308	1	1	231	9	2	0	41	0
2.309	1	1	231	10	2	0	41	0
2.31	1	1	232	1	2	0	41	0
2.311	1	1	232	2	2	0	41	0
2.312	1	1	232	3	2	0	41	0
2.313	1	1	232	4	2	0	41	0
2.314	1	1	232	5	2	0	41	0
2.315	1	1	232	6	2	0	41	0
2.316	1	1	232	7	2	0	41	0
2.317	1	1	232	8	2	0	41	0
2.318	1	1	232	9	2	0	41	0
2.319	1	1	232	10	2	0	41	0
2.32	1	1	233	1	2	0	41	0
2.321	1	1	233	2	2	0	41	0
2.321	1	2	233	2	1	4	105	0
2.322	1	1	233	3	2	2	65	0
2.322	1	2	233	3	1	4	105	0
2.323	1	1	233	4	2	2	65	0
2.323	1	2	233	4	1	4	105	0
2.324	1	1	233	5	2	2	65	0
2.324	1	2	233	5	1	4	105	0
2.325	1	1	233	6	2	2	65	0
2.325	1	2	233	6	1	4	105	0
2.326	1	1	233	7	2	2	65	0
2.326	1	2	233	7	1	4	105	0
2.327	1	1	233	8	2	2	65	0
2.327	1	2	233	8	1	4	105	0
2.328	1	1	233	9	2	2	65	0
2.328	1	2	233	9	1	4	105	0
2.329	1	1	233	10	2	2	65	0
2.329	1	2	233	10	1	4	105	0
2.33	1	1	234	1	2	2	65	0
2.33	1	2	234	1	1	4	105	0
2.331	1	2	234	2	1	2	137	0
2.332	1	2	234	3	1	2	137	0
2.333	1	2	234	4	1	2	137	0
2.334	1	2	234	5	1	2	137	0
2.335	1	2	234	6	1	2	137	0
2.336	1	2	234	7	1	2	137	0
2.337	1	2	234	8	1	2	137	0
2.338	1	2	234	9	1	2	137	0
2.339	1	2	234	10	1	2	137	0
2.415	1	1	242	6	2	2	65	0
2.415	2	5	242	6	3	26	621	0
2.416	1	1	242	7	2	2	65	0
2.416	2	5	242	7	3	26	621	0
2.417	1	1	242	8	2	2	65	0
2.417	2	5	242	8	3	26	621	0
2.418	1	1	242	9	2	2	65	0
2.418	2	5	242	9	3	26	621	0
2.419	1	1	242	10	2	2	65	0
2.42	1	1	243	1	2	2	65	0
2.421	1	1	243	2	2	2	65	0
2.422	1	1	243	3	2	2	65	0
2.422	2	5	243	3	3	26	621	0
2.423	1	1	243	4	2	2	65	0
2.423	2	5	243	4	3	26	621	0
2.424	1	1	243	5	2	2	65	0
2.424	2	5	243	5	3	26	621	0
2.425	1	1	243	6	2	2	65	0
2.425	2	5	243	6	3	26	621	0
2.426	1	1	243	7	2	2	65	0
2.427	1	1	243	8	2	2	65	0
2.428	1	1	243	9	2	2	65	0
2.429	1	1	243	10	2	2	65	0
2.43	1	1	244	1	2	2	65	0
2.431	1	1	244	2	2	2	65	0
2.432	1	1	244	3	2	2	65	0
2.433	1	1	244	4	2	2	65	0
2.434	1	1	244	5	2	2	65	0
2.435	1	1	244	6	2	2	65	0
2.436	1	1	244	7	2	2	65	0
2.437	1	1	244	8	2	2	65	0
2.438	1	1	244	9	2	2	65	0
2.439	1	1	244	10	2	2	65	0
2.44	1	1	245	1	2	2	65	0
2.441	1	1	245	2	2	2	65	0
2.442	2	3	245	3	2	4	105	0
2.443	2	3	245	4	2	4	105	0
2.444	2	3	245	5	2	4	105	0
2.445	2	3	245	6	2	4	105	0
2.446	2	3	245	7	2	4	105	0
2.447	2	3	245	8	2	4	105	0
2.448	2	3	245	9	2	4	105	0
2.449	2	3	245	10	2	4	105	0
2.45	2	3	246	1	2	4	105	0
2.451	2	3	246	2	2	4	105	0
2.452	2	3	246	3	2	4	105	0
2.453	2	3	246	4	2	4	105	0
2.454	2	3	246	5	2	4	105	0
2.455	2	3	246	6	2	4	105	0
2.456	2	3	246	7	2	4	105	0
2.457	2	3	246	8	2	4	105	0
2.458	2	3	246	9	2	4	105	0
2.459	2	3	246	10	2	4	105	0
2.46	2	3	247	1	2	4	105	0
2.461	2	3	247	2	2	4	105	0
2.462	2	3	247	3	2	4	105	0
2.481	1	2	249	2	1	12	301	0
2.482	1	2	249	3	1	12	301	0
2.483	1	2	249	4	1	12	301	0
2.484	1	2	249	5	1	12	301	0
2.485	1	2	249	6	1	12	301	0
2.486	1	2	249	7	1	12	301	0
2.487	1	2	249	8	1	12	301	0
2.488	1	2	249	9	1	12	301	0
2.565	1	2	257	6	1	4	105	0
2.565	2	5	257	6	3	16	309	0
2.566	1	2	257	7	1	4	105	0
2.566	2	5	257	7	3	16	309	0
2.567	1	2	257	8	1	4	105	0
2.567	2	5	257	8	3	16	309	0
2.568	1	2	257	9	1	4	105	0
2.568	2	5	257	9	3	16	309	0
2.569	1	2	257	10	1	4	105	0
2.569	2	5	257	10	3	16	309	0
2.57	1	2	258	1	1	4	105	0
2.57	2	5	258	1	3	16	309	0
2.571	1	2	258	2	1	4	105	0
2.571	2	5	258	2	3	16	309	0
2.572	1	2	258	3	1	4	105	0
2.572	2	5	258	3	3	16	309	0
2.573	1	2	258	4	1	4	105	0
2.573	2	5	258	4	3	16	309	0
2.574	1	2	258	5	1	4	105	0
2.574	2	5	258	5	3	16	309	0
2.575	1	2	258	6	1	4	105	0
2.575	2	5	258	6	3	16	309	0
2.576	1	2	258	7	1	4	105	0
2.576	2	5	258	7	3	16	309	0
2.577	1	2	258	8	1	4	105	0
2.577	2	5	258	8	3	16	309	0
2.578	1	2	258	9	1	4	105	0
2.578	2	5	258	9	3	16	309	0
2.579	1	2	258	10	1	4	105	0
2.58	1	2	259	1	1	4	105	0
2.581	1	2	259	2	1	4	105	0
2.582	1	2	259	3	1	4	105	0
2.583	1	2	259	4	1	4	105	0
2.584	1	2	259	5	1	4	105	0
2.585	1	2	259	6	1	4	105	0
2.681	2	4	269	2	1	2	65	0
2.682	1	1	269	3	2	2	137	0
2.682	2	4	269	3	1	2	65	0
2.683	1	1	269	4	2	2	137	0
2.683	2	4	269	4	1	2	65	0
2.684	1	1	269	5	2	2	137	0
2.684	2	4	269	5	1	2	65	0
2.685	1	1	269	6	2	2	137	0
2.685	2	4	269	6	1	2	65	0
2.686	1	1	269	7	2	2	137	0
2.686	2	4	269	7	1	2	65	0
2.687	1	1	269	8	2	2	137	0
2.687	2	4	269	8	1	2	65	0
2.688	1	1	269	9	2	2	137	0
2.688	2	4	269	9	1	2	65	0
2.689	1	1	269	10	2	2	137	0
2.689	2	4	269	10	1	2	65	0
2.69	1	1	270	1	2	2	137	0
2.69	2	4	270	1	1	2	65	0
2.691	1	1	270	2	2	2	137	0
2.691	2	4	270	2	1	2	65	0
2.692	1	1	270	3	2	2	137	0
2.692	2	4	270	3	1	2	65	0
2.693	1	1	270	4	2	2	137	0
2.693	2	4	270	4	1	2	65	0
2.694	1	1	270	5	2	2	137	0
2.694	2	4	270	5	1	2	65	0
2.695	1	1	270	6	2	2	137	0
2.695	2	4	270	6	1	2	65	0
2.696	1	1	270	7	2	2	137	0
2.696	2	4	270	7	1	2	65	0
2.697	1	1	270	8	2	2	137	0
2.697	2	4	270	8	1	2	65	0
2.698	1	1	270	9	2	2	137	0
2.698	2	4	270	9	1	2	65	0
2.699	1	1	270	10	2	2	137	0
2.699	2	4	270	10	1	2	65	0
2.7	1	1	271	1	2	2	137	0
2.7	2	4	271	1	1	2	65	0
2.701	1	1	271	2	2	2	137	0
2.701	2	4	271	2	1	2	65	0
2.702	1	1	271	3	2	2	137	0
2.702	2	4	271	3	1	2	65	0
2.703	1	1	271	4	2	2	137	0
2.703	2	4	271	4	1	2	65	0
2.704	2	4	271	5	1	2	65	0
2.705	2	4	271	6	1	2	65	0
2.706	2	4	271	7	1	2	65	0
2.707	2	4	271	8	1	2	65	0
2.708	2	4	271	9	1	2	65	0
2.709	2	4	271	10	1	2	65	0
2.71	2	4	272	1	1	2	65	0
2.711	2	4	272	2	1	2	65	0
2.712	2	4	272	3	1	2	65	0
2.713	2	4	272	4	1	2	65	0
2.714	2	4	272	5	1	2	65	0
2.715	1	2	272	6	1	2	65	0
2.715	1	1	272	6	2	8	209	0
2.715	2	5	272	6	3	28	749	0
2.715	2	4	272	6	1	2	41	0
2.716	1	2	272	7	1	2	65	0
2.716	1	1	272	7	2	8	209	0
2.716	2	5	272	7	3	28	749	0
2.716	2	4	272	7	1	2	41	0
2.717	1	2	272	8	1	2	65	0
2.717	1	1	272	8	2	8	209	0
2.717	2	5	272	8	3	28	749	0
2.717	2	4	272	8	1	2	41	0
2.718	1	2	272	9	1	2	65	0
2.718	1	1	272	9	2	8	209	0
2.718	2	4	272	9	1	2	65	0
2.719	1	2	272	10	1	2	65	0
2.719	1	1	272	10	2	8	209	0
2.719	2	4	272	10	1	2	65	0
2.72	1	2	273	1	1	2	65	0
2.72	1	1	273	1	2	8	209	0
2.72	2	4	273	1	1	2	65	0
2.721	1	2	273	2	1	4	105	0
2.721	1	1	273	2	2	8	209	0
2.722	1	2	273	3	1	4	105	0
2.722	1	1	273	3	2	0	41	0
2.722	2	5	273	3	3	28	749	0
2.722	2	3	273	3	2	0	26	0
2.722	2	4	273	3	1	0	26	0
2.723	1	2	273	4	1	4	105	0
2.723	1	1	273	4	2	0	41	0
2.723	2	5	273	4	3	28	749	0
2.723	2	3	273	4	2	0	26	0
2.723	2	4	273	4	1	0	26	0
2.724	1	2	273	5	1	4	105	0
2.724	1	1	273	5	2	0	41	0
2.724	2	5	273	5	3	28	749	0
2.724	2	3	273	5	2	0	26	0
2.724	2	4	273	5	1	0	26	0
2.725	1	2	273	6	1	4	105	0
2.725	1	1	273	6	2	0	41	0
2.726	1	2	273	7	1	4	105	0
2.726	1	1	273	7	2	0	41	0
2.727	1	2	273	8	1	4	105	0
2.727	1	1	273	8	2	0	41	0
2.728	1	2	273	9	1	4	105	0
2.728	1	1	273	9	2	0	41	0
2.729	1	2	273	10	1	4	105	0
2.729	1	1	273	10	2	0	41	0
2.729	2	5	273	10	3	28	749	0
2.729	2	3	273	10	2	0	26	0
2.729	2	4	273	10	1	0	26	0
2.73	1	2	274	1	1	4	105	0
2.73	1	1	274	1	2	0	41	0
2.73	2	5	274	1	3	28	749	0
2.73	2	3	274	1	2	0	26	0
2.73	2	4	274	1	1	0	26	0
2.731	1	2	274	2	1	4	105	0
2.731	1	1	274	2	2	0	41	0
2.731	2	5	274	2	3	28	749	0
2.731	2	3	274	2	2	0	26	0
2.731	2	4	274	2	1	0	26	0
2.732	1	2	274	3	1	4	105	0
2.732	1	1	274	3	2	0	41	0
2.733	1	2	274	4	1	4	105	0
2.733	1	1	274	4	2	0	41	0
2.734	1	2	274	5	1	4	105	0
2.734	1	1	274	5	2	0	41	0
2.735	1	2	274	6	1	4	105	0
2.735	1	1	274	6	2	0	41	0
2.736	1	2	274	7	1	4	105	0
2.736	1	1	274	7	2	0	41	0
2.737	1	2	274	8	1	4	105	0
2.737	1	1	274	8	2	0	41	0
2.738	1	1	274	9	2	0	85	0
2.842	2	3	285	3	2	0	41	0
2.843	2	3	285	4	2	0	41	0
2.844	2	3	285	5	2	0	41	0
2.845	2	3	285	6	2	0	41	0
2.846	2	3	285	7	2	0	41	0
2.847	2	3	285	8	2	0	41	0
2.848	2	3	285	9	2	0	41	0
2.849	2	3	285	10	2	0	41	0
2.85	2	3	286	1	2	0	41	0
2.851	2	3	286	2	2	0	41	0
2.852	2	3	286	3	2	0	41	0
2.853	2	3	286	4	2	0	41	0
2.854	2	3	286	5	2	0	41	0
2.855	2	3	286	6	2	0	41	0
2.856	2	3	286	7	2	0	41	0
2.857	2	3	286	8	2	0	41	0
2.858	2	3	286	9	2	0	41	0
2.859	2	3	286	10	2	0	41	0
2.86	2	3	287	1	2	0	41	0
2.861	2	3	287	2	2	0	41	0
2.862	2	3	287	3	2	0	41	0
2.863	2	3	287	4	2	0	41	0
2.864	2	3	287	5	2	0	41	0
2.865	1	1	287	6	2	4	105	0
2.865	2	3	287	6	2	0	26	0
2.865	2	5	287	6	3	22	469	0
2.865	2	4	287	6	1	0	26	0
2.866	1	1	287	7	2	4	105	0
2.866	2	3	287	7	2	0	26	0
2.866	2	5	287	7	3	22	469	0
2.866	2	4	287	7	1	0	26	0
2.867	1	1	287	8	2	4	105	0
2.867	2	3	287	8	2	0	26	0
2.867	2	5	287	8	3	22	469	0
2.867	2	4	287	8	1	0	26	0
2.868	1	1	287	9	2	4	105	0
2.868	2	3	287	9	2	0	26	0
2.868	2	5	287	9	3	22	469	0
2.868	2	4	287	9	1	0	26	0
2.869	1	1	287	10	2	4	105	0
2.869	2	3	287	10	2	0	26	0
2.869	2	5	287	10	3	22	469	0
2.869	2	4	287	10	1	0	26	0
2.87	1	1	288	1	2	4	105	0
2.87	2	3	288	1	2	0	41	0
2.871	1	1	288	2	2	4	105	0
2.871	2	3	288	2	2	0	41	0
2.872	1	1	288	3	2	4	105	0
2.872	2	3	288	3	2	0	41	0
2.873	1	1	288	4	2	4	105	0
2.873	2	3	288	4	2	0	41	0
2.874	1	1	288	5	2	4	105	0
2.874	2	3	288	5	2	0	41	0
2.875	1	1	288	6	2	4	105	0
2.875	2	3	288	6	2	0	41	0
2.876	1	1	288	7	2	4	105	0
2.876	2	3	288	7	2	0	41	0
2.877	1	1	288	8	2	4	105	0
2.877	2	3	288	8	2	0	41	0
2.878	1	1	288	9	2	4	105	0
2.878	2	3	288	9	2	0	41	0
2.879	1	1	288	10	2	4	105	0
2.879	2	3	288	10	2	0	41	0
2.88	1	1	289	1	2	4	105	0
2.88	2	3	289	1	2	0	41	0
2.881	1	1	289	2	2	4	105	0
2.881	2	3	289	2	2	0	41	0
2.961	1	2	297	2	1	4	105	0
2.962	1	2	297	3	1	4	105	0
2.962	2	3	297	3	2	6	153	0
2.963	1	2	297	4	1	4	105	0
2.963	2	3	297	4	2	6	153	0
2.964	1	2	297	5	1	4	105	0
2.964	2	3	297	5	2	6	153	0
2.965	1	2	297	6	1	4	105	0
2.965	2	3	297	6	2	6	153	0
2.966	1	2	297	7	1	4	105	0
2.966	2	3	297	7	2	6	153	0
2.967	1	2	297	8	1	4	105	0
2.967	2	3	297	8	2	6	153	0
2.968	1	2	297	9	1	4	105	0
2.968	2	3	297	9	2	6	153	0
2.969	1	2	297	10	1	4	105	0
2.969	2	3	297	10	2	6	153	0
2.97	1	2	298	1	1	4	105	0
2.97	2	3	298	1	2	6	153	0
2.971	1	2	298	2	1	4	105	0
2.971	2	3	298	2	2	6	153	0
2.972	1	2	298	3	1	4	105	0
2.972	2	3	298	3	2	6	153	0
2.973	1	2	298	4	1	4	105	0
2.973	2	3	298	4	2	6	153	0
2.974	1	2	298	5	1	4	105	0
2.974	2	3	298	5	2	6	153	0
2.975	1	2	298	6	1	4	105	0
2.975	2	3	298	6	2	6	153	0
2.976	1	2	298	7	1	4	105	0
2.976	2	3	298	7	2	6	153	0
2.977	1	2	298	8	1	4	105	0
2.977	2	3	298	8	2	6	153	0
2.978	1	2	298	9	1	4	105	0
2.978	2	3	298	9	2	6	153	0
2.979	1	2	298	10	1	4	105	0
2.979	2	3	298	10	2	6	153	0
2.98	1	2	299	1	1	4	105	0
2.98	2	3	299	1	2	6	153	0
2.981	1	2	299	2	1	4	105	0
2.981	2	3	299	2	2	6	153	0
2.982	2	3	299	3	2	6	153	0
2.983	2	3	299	4	2	6	153	0
2.984	2	3	299	5	2	6	153	0
2.985	2	3	299	6	2	6	153	0
2.986	2	3	299	7	2	6	153	0
2.987	2	3	299	8	2	6	153	0
2.988	2	3	299	9	2	6	153	0
2.989	2	3	299	10	2	6	153	0
2.99	2	3	300	1	2	6	153	0
2.991	2	3	300	2	2	6	153	0
2.992	2	3	300	3	2	6	153	0
2.993	2	3	300	4	2	6	153	0
2.994	2	3	300	5	2	6	153	0
2.995	2	3	300	6	2	6	153	0
2.996	2	3	300	7	2	6	153	0
2.997	2	3	300	8	2	6	153	0
2.998	2	3	300	9	2	6	153	0
2.999	2	3	300	10	2	6	153	0
3	2	3	301	1	2	6	153	0
3.001	2	3	301	2	2	6	153	0
3.015	2	5	302	6	3	26	621	0
3.016	2	5	302	7	3	26	621	0
3.017	2	5	302	8	3	26	621	0
3.018	2	5	302	9	3	26	621	0
3.042	1	1	305	3	2	4	105	0
3.043	1	1	305	4	2	4	105	0
3.044	1	1	305	5	2	4	105	0
3.045	1	1	305	6	2	4	105	0
3.046	1	1	305	7	2	4	105	0
3.047	1	1	305	8	2	4	105	0
3.048	1	1	305	9	2	4	105	0
3.049	1	1	305	10	2	4	105	0
3.05	1	1	306	1	2	4	105	0
3.051	1	1	306	2	2	4	105	0
3.052	1	1	306	3	2	4	105	0
3.053	1	1	306	4	2	4	105	0
3.054	1	1	306	5	2	4	105	0
3.055	1	1	306	6	2	4	105	0
3.056	1	1	306	7	2	4	105	0
3.057	1	1	306	8	2	4	105	0
3.058	1	1	306	9	2	4	105	0
3.059	1	1	306	10	2	4	105	0
3.06	1	1	307	1	2	4	105	0
3.061	1	1	307	2	2	4	105	0
3.062	1	1	307	3	2	4	105	0
3.063	1	1	307	4	2	4	105	0
3.064	1	1	307	5	2	4	105	0
3.065	1	1	307	6	2	4	105	0
3.066	1	1	307	7	2	4	105	0
3.082	2	3	309	3	2	8	209	0
3.083	2	3	309	4	2	8	209	0
3.084	2	3	309	5	2	8	209	0
3.085	2	3	309	6	2	8	209	0
3.086	2	3	309	7	2	8	209	0
3.087	2	3	309	8	2	8	209	0
3.088	2	3	309	9	2	8	209	0
3.089	2	3	309	10	2	8	209	0
3.09	2	3	310	1	2	8	209	0
3.091	2	3	310	2	2	8	209	0
3.092	2	3	310	3	2	8	209	0
3.165	2	3	317	6	2	0	26	0
3.165	2	5	317	6	3	28	749	0
3.166	2	3	317	7	2	0	26	0
3.166	2	5	317	7	3	28	749	0
3.167	2	3	317	8	2	0	26	0
3.167	2	5	317	8	3	28	749	0
3.184	2	3	319	5	2	0	26	0
3.184	2	5	319	5	3	28	749	0
3.201	1	2	321	2	1	2	65	0
3.202	1	2	321	3	1	2	65	0
3.202	2	3	321	3	2	2	65	0
3.203	1	2	321	4	1	2	65	0
3.203	2	3	321	4	2	2	65	0
3.204	1	2	321	5	1	2	65	0
3.204	2	3	321	5	2	2	65	0
3.205	1	2	321	6	1	2	65	0
3.205	2	3	321	6	2	2	65	0
3.206	1	2	321	7	1	2	65	0
3.206	2	3	321	7	2	2	65	0
3.207	1	2	321	8	1	2	65	0
3.207	2	3	321	8	2	2	65	0
3.208	1	2	321	9	1	2	65	0
3.208	2	3	321	9	2	2	65	0
3.209	1	2	321	10	1	2	65	0
3.209	2	3	321	10	2	2	65	0
3.21	1	2	322	1	1	2	65	0
3.21	2	3	322	1	2	2	65	0
3.211	1	2	322	2	1	2	65	0
3.211	2	3	322	2	2	2	65	0
3.212	1	2	322	3	1	2	65	0
3.212	2	3	322	3	2	2	65	0
3.213	1	2	322	4	1	2	65	0
3.213	2	3	322	4	2	2	65	0
3.214	1	2	322	5	1	2	65	0
3.214	2	3	322	5	2	2	65	0
3.215	1	2	322	6	1	2	65	0
3.215	2	3	322	6	2	2	65	0
3.216	1	2	322	7	1	2	65	0
3.216	2	3	322	7	2	2	65	0
3.217	1	2	322	8	1	2	65	0
3.217	2	3	322	8	2	2	65	0
3.218	1	2	322	9	1	2	65	0
3.218	2	3	322	9	2	2	65	0
3.219	1	2	322	10	1	2	65	0
3.219	2	3	322	10	2	2	65	0
3.22	1	2	323	1	1	2	65	0
3.22	2	3	323	1	2	2	65	0
3.221	1	2	323	2	1	2	65	0
3.221	2	3	323	2	2	2	65	0
3.222	1	2	323	3	1	2	65	0
3.222	2	3	323	3	2	2	65	0
3.223	1	2	323	4	1	2	65	0
3.223	2	3	323	4	2	2	65	0
3.224	1	2	323	5	1	2	65	0
3.224	2	3	323	5	2	2	65	0
3.225	1	2	323	6	1	2	65	0
3.225	2	3	323	6	2	2	65	0
3.226	1	2	323	7	1	2	65	0
3.226	2	3	323	7	2	2	65	0
3.227	1	2	323	8	1	2	65	0
3.227	2	3	323	8	2	2	65	0
3.228	1	2	323	9	1	2	65	0
3.228	2	3	323	9	2	2	65	0
3.229	1	2	323	10	1	2	65	0
3.229	2	3	323	10	2	2	65	0
3.23	1	2	324	1	1	2	65	0
3.23	2	3	324	1	2	2	65	0
3.231	1	2	324	2	1	2	65	0
3.231	2	3	324	2	2	2	65	0
3.232	1	2	324	3	1	2	65	0
3.232	2	3	324	3	2	2	65	0
3.233	1	2	324	4	1	2	65	0
3.233	2	3	324	4	2	2	65	0
3.234	1	2	324	5	1	2	65	0
3.234	2	3	324	5	2	2	65	0
3.235	1	2	324	6	1	2	65	0
3.235	2	3	324	6	2	2	65	0
3.236	1	2	324	7	1	2	65	0
3.237	1	2	324	8	1	2	65	0
3.238	1	2	324	9	1	2	65	0
3.239	1	2	324	10	1	2	65	0
3.24	1	2	325	1	1	2	65	0
3.241	1	2	325	2	1	2	65	0
3.242	1	2	325	3	1	2	65	0
3.242	1	1	325	3	2	10	261	0
3.243	1	2	325	4	1	2	65	0
3.243	1	1	325	4	2	10	261	0
3.244	1	2	325	5	1	2	65	0
3.244	1	1	325	5	2	10	261	0
3.245	1	2	325	6	1	2	65	0
3.245	1	1	325	6	2	10	261	0
3.246	1	2	325	7	1	2	65	0
3.246	1	1	325	7	2	10	261	0
3.247	1	2	325	8	1	2	65	0
3.247	1	1	325	8	2	10	261	0
3.248	1	2	325	9	1	2	65	0
3.248	1	1	325	9	2	10	261	0
3.249	1	2	325	10	1	2	65	0
3.249	1	1	325	10	2	10	261	0
3.25	1	2	326	1	1	2	65	0
3.25	1	1	326	1	2	10	261	0
3.251	1	2	326	2	1	2	137	0
3.252	1	2	326	3	1	2	137	0
3.253	1	2	326	4	1	2	137	0
3.254	1	2	326	5	1	2	137	0
3.255	1	2	326	6	1	2	137	0
3.256	1	2	326	7	1	2	137	0
3.257	1	2	326	8	1	2	137	0
3.258	1	2	326	9	1	2	137	0
3.259	1	2	326	10	1	2	137	0
3.26	1	2	327	1	1	2	137	0
3.261	1	2	327	2	1	2	137	0
3.262	1	2	327	3	1	2	137	0
3.315	1	2	332	6	1	10	261	0
3.315	2	5	332	6	3	28	749	0
3.315	2	4	332	6	1	0	26	0
3.316	1	2	332	7	1	10	261	0
3.316	2	5	332	7	3	28	749	0
3.316	2	4	332	7	1	0	26	0
3.317	1	2	332	8	1	10	261	0
3.317	2	5	332	8	3	28	749	0
3.317	2	4	332	8	1	0	26	0
3.318	1	2	332	9	1	10	261	0
3.319	1	2	332	10	1	10	261	0
3.32	1	2	333	1	1	10	261	0
3.321	1	2	333	2	1	2	65	0
3.322	1	2	333	3	1	2	65	0
3.322	2	5	333	3	3	28	749	0
3.322	2	3	333	3	2	4	69	0
3.323	1	2	333	4	1	2	65	0
3.323	2	5	333	4	3	28	749	0
3.323	2	3	333	4	2	4	69	0
3.324	1	2	333	5	1	2	65	0
3.324	2	5	333	5	3	28	749	0
3.324	2	3	333	5	2	4	69	0
3.325	1	2	333	6	1	2	65	0
3.325	2	3	333	6	2	4	105	0
3.326	1	2	333	7	1	2	65	0
3.326	2	3	333	7	2	4	105	0
3.327	1	2	333	8	1	2	65	0
3.327	2	3	333	8	2	4	105	0
3.328	1	2	333	9	1	2	65	0
3.328	2	3	333	9	2	4	105	0
3.329	1	2	333	10	1	2	65	0
3.329	2	3	333	10	2	4	105	0
3.33	1	2	334	1	1	2	65	0
3.33	2	3	334	1	2	4	105	0
3.331	2	3	334	2	2	4	105	0
3.332	2	3	334	3	2	4	105	0
3.333	2	3	334	4	2	4	105	0
3.334	2	3	334	5	2	4	105	0
3.335	2	3	334	6	2	4	105	0
3.336	2	3	334	7	2	4	105	0
3.337	2	3	334	8	2	4	105	0
3.338	2	3	334	9	2	4	105	0
3.339	2	3	334	10	2	4	105	0
3.34	2	3	335	1	2	4	105	0
3.341	2	3	335	2	2	4	105	0
3.342	2	3	335	3	2	4	105	0
3.343	2	3	335	4	2	4	105	0
3.465	2	3	347	6	2	6	101	0
3.465	2	5	347	6	3	18	357	0
3.466	2	3	347	7	2	6	101	0
3.466	2	5	347	7	3	18	357	0
3.467	2	3	347	8	2	6	101	0
3.467	2	5	347	8	3	18	357	0
3.468	2	3	347	9	2	6	101	0
3.468	2	5	347	9	3	18	357	0
3.469	2	3	347	10	2	6	101	0
3.469	2	5	347	10	3	18	357	0
3.47	2	3	348	1	2	6	101	0
3.47	2	5	348	1	3	18	357	0
3.471	2	3	348	2	2	4	105	0
3.472	2	3	348	3	2	4	105	0
3.473	2	3	348	4	2	4	105	0
3.474	2	3	348	5	2	4	105	0
3.475	2	3	348	6	2	4	105	0
3.476	2	3	348	7	2	4	105	0
3.477	2	3	348	8	2	4	105	0
3.478	2	3	348	9	2	4	105	0
3.479	2	3	348	10	2	4	105	0
3.48	2	3	349	1	2	4	105	0
3.481	2	3	349	2	2	4	105	0
3.482	2	3	349	3	2	6	153	0
3.483	2	3	349	4	2	6	153	0
3.484	2	3	349	5	2	6	153	0
3.487	2	5	349	8	3	28	1095	0
3.521	1	2	353	2	1	2	65	0
3.522	1	1	353	3	2	2	65	0
3.522	1	2	353	3	1	2	65	0
3.523	1	1	353	4	2	2	65	0
3.523	1	2	353	4	1	2	65	0
3.524	1	1	353	5	2	2	65	0
3.524	1	2	353	5	1	2	65	0
3.525	1	1	353	6	2	2	65	0
3.525	1	2	353	6	1	2	65	0
3.526	1	1	353	7	2	2	65	0
3.526	1	2	353	7	1	2	65	0
3.527	1	1	353	8	2	2	65	0
3.527	1	2	353	8	1	2	65	0
3.528	1	1	353	9	2	2	65	0
3.528	1	2	353	9	1	2	65	0
3.529	1	1	353	10	2	2	65	0
3.529	1	2	353	10	1	2	65	0
3.53	1	1	354	1	2	2	65	0
3.53	1	2	354	1	1	2	65	0
3.531	1	1	354	2	2	2	65	0
3.531	1	2	354	2	1	2	65	0
3.532	1	1	354	3	2	2	65	0
3.532	1	2	354	3	1	2	65	0
3.533	1	1	354	4	2	2	65	0
3.533	1	2	354	4	1	2	65	0
3.534	1	1	354	5	2	2	65	0
3.534	1	2	354	5	1	2	65	0
3.535	1	1	354	6	2	2	65	0
3.535	1	2	354	6	1	2	65	0
3.536	1	1	354	7	2	2	65	0
3.536	1	2	354	7	1	2	65	0
3.537	1	1	354	8	2	2	65	0
3.537	1	2	354	8	1	2	65	0
3.538	1	1	354	9	2	2	65	0
3.538	1	2	354	9	1	2	65	0
3.539	1	1	354	10	2	2	65	0
3.539	1	2	354	10	1	2	65	0
3.54	1	1	355	1	2	2	65	0
3.54	1	2	355	1	1	2	65	0
3.541	1	1	355	2	2	2	65	0
3.541	1	2	355	2	1	2	65	0
3.542	1	1	355	3	2	2	65	0
3.542	1	2	355	3	1	2	65	0
3.543	1	1	355	4	2	2	65	0
3.543	1	2	355	4	1	2	65	0
3.544	1	1	355	5	2	2	65	0
3.544	1	2	355	5	1	2	65	0
3.545	1	1	355	6	2	2	65	0
3.545	1	2	355	6	1	2	65	0
3.546	1	1	355	7	2	2	65	0
3.546	1	2	355	7	1	2	65	0
3.547	1	1	355	8	2	2	65	0
3.547	1	2	355	8	1	2	65	0
3.548	1	1	355	9	2	2	65	0
3.548	1	2	355	9	1	2	65	0
3.549	1	1	355	10	2	2	65	0
3.549	1	2	355	10	1	2	65	0
3.55	1	1	356	1	2	2	65	0
3.55	1	2	356	1	1	2	65	0
3.551	1	1	356	2	2	2	65	0
3.551	1	2	356	2	1	2	65	0
3.552	1	1	356	3	2	2	65	0
3.552	1	2	356	3	1	2	65	0
3.553	1	1	356	4	2	2	65	0
3.553	1	2	356	4	1	2	65	0
3.554	1	1	356	5	2	2	65	0
3.554	1	2	356	5	1	2	65	0
3.555	1	1	356	6	2	2	137	0
3.556	1	1	356	7	2	2	137	0
3.557	1	1	356	8	2	2	137	0
3.558	1	1	356	9	2	2	137	0
3.559	1	1	356	10	2	2	137	0
3.56	1	1	357	1	2	2	137	0
3.561	1	1	357	2	2	2	137	0
3.562	1	1	357	3	2	2	137	0
3.563	1	1	357	4	2	2	137	0
3.564	1	1	357	5	2	2	137	0
3.565	1	1	357	6	2	2	137	0
3.566	1	1	357	7	2	2	137	0
3.567	1	1	357	8	2	2	137	0
3.568	1	1	357	9	2	2	137	0
3.569	1	1	357	10	2	2	137	0
3.57	1	1	358	1	2	2	137	0
3.571	1	1	358	2	2	2	137	0
3.572	1	1	358	3	2	2	137	0
3.573	1	1	358	4	2	2	137	0
3.574	1	1	358	5	2	2	137	0
3.615	1	2	362	6	1	0	41	0
3.615	2	5	362	6	3	28	749	0
3.616	1	2	362	7	1	0	41	0
3.616	2	5	362	7	3	28	749	0
3.617	1	2	362	8	1	0	41	0
3.617	2	5	362	8	3	28	749	0
3.618	1	2	362	9	1	0	41	0
3.619	1	2	362	10	1	0	41	0
3.62	1	2	363	1	1	0	41	0
3.621	1	2	363	2	1	0	41	0
3.622	1	2	363	3	1	0	41	0
3.622	2	5	363	3	3	28	749	0
3.623	1	2	363	4	1	0	41	0
3.623	2	5	363	4	3	28	749	0
3.624	1	2	363	5	1	0	41	0
3.624	2	5	363	5	3	28	749	0
3.625	1	2	363	6	1	0	41	0
3.626	1	2	363	7	1	0	41	0
3.627	1	2	363	8	1	0	41	0
3.628	1	2	363	9	1	0	41	0
3.629	1	2	363	10	1	0	41	0
3.629	2	5	363	10	3	28	749	0
3.63	1	2	364	1	1	0	41	0
3.631	1	2	364	2	1	0	41	0
3.632	1	2	364	3	1	0	41	0
3.633	1	2	364	4	1	0	41	0
3.634	1	2	364	5	1	0	41	0
3.635	1	2	364	6	1	0	41	0
3.636	1	2	364	7	1	0	41	0
3.637	1	2	364	8	1	0	41	0
3.638	1	2	364	9	1	0	41	0
3.639	1	2	364	10	1	0	41	0
3.64	1	2	365	1	1	0	41	0
3.641	1	2	365	2	1	8	209	0
3.641	2	4	365	2	1	0	41	0
3.642	1	2	365	3	1	8	209	0
3.642	2	4	365	3	1	0	41	0
3.643	1	2	365	4	1	8	209	0
3.643	2	4	365	4	1	0	41	0
3.644	1	2	365	5	1	8	209	0
3.644	2	4	365	5	1	0	41	0
3.645	1	2	365	6	1	8	209	0
3.645	2	4	365	6	1	0	41	0
3.646	1	2	365	7	1	8	209	0
3.646	2	4	365	7	1	0	41	0
3.647	2	4	365	8	1	0	41	0
3.648	2	4	365	9	1	0	41	0
3.649	2	4	365	10	1	0	41	0
3.65	2	4	366	1	1	0	41	0
3.651	2	4	366	2	1	0	41	0
3.652	2	4	366	3	1	0	41	0
3.653	2	4	366	4	1	0	41	0
3.654	2	4	366	5	1	0	41	0
3.655	2	4	366	6	1	0	41	0
3.656	2	4	366	7	1	0	41	0
3.657	2	4	366	8	1	0	41	0
3.658	2	4	366	9	1	0	41	0
3.659	2	4	366	10	1	0	41	0
3.66	2	4	367	1	1	0	41	0
3.661	2	4	367	2	1	0	41	0
3.662	2	4	367	3	1	0	41	0
3.663	2	4	367	4	1	0	41	0
3.664	2	4	367	5	1	0	41	0
3.665	2	4	367	6	1	0	41	0
3.666	2	4	367	7	1	0	41	0
3.667	2	4	367	8	1	0	41	0
3.668	2	4	367	9	1	0	41	0
3.669	2	4	367	10	1	0	41	0
3.67	2	4	368	1	1	0	41	0
3.671	2	4	368	2	1	0	41	0
3.672	2	4	368	3	1	0	41	0
3.673	2	4	368	4	1	0	41	0
3.674	2	4	368	5	1	0	41	0
3.675	2	4	368	6	1	0	41	0
3.676	2	4	368	7	1	0	41	0
3.677	2	4	368	8	1	0	41	0
3.678	2	4	368	9	1	0	41	0
3.679	2	4	368	10	1	0	41	0
3.68	2	4	369	1	1	0	41	0
3.765	2	5	377	6	3	28	749	0
3.766	2	5	377	7	3	28	749	0
3.767	2	5	377	8	3	28	749	0
3.802	2	3	381	3	2	8	209	0
3.803	2	3	381	4	2	8	209	0
3.804	2	3	381	5	2	8	209	0
3.805	2	3	381	6	2	8	209	0
3.806	2	3	381	7	2	8	209	0
3.807	2	3	381	8	2	8	209	0
3.808	2	3	381	9	2	8	209	0
3.809	2	3	381	10	2	8	209	0
3.81	2	3	382	1	2	8	209	0
3.811	2	3	382	2	2	8	209	0
3.812	2	3	382	3	2	8	209	0
3.813	2	3	382	4	2	8	209	0
3.814	2	3	382	5	2	8	209	0
3.815	2	3	382	6	2	8	209	0
3.816	2	3	382	7	2	8	209	0
3.817	2	3	382	8	2	8	209	0
3.818	2	3	382	9	2	8	209	0
3.819	2	3	382	10	2	8	209	0
3.82	2	3	383	1	2	8	209	0
3.821	2	3	383	2	2	8	209	0
3.822	2	3	383	3	2	8	209	0
3.823	2	3	383	4	2	8	209	0
3.824	2	3	383	5	2	8	209	0
3.841	1	2	385	2	1	0	41	0
3.842	1	2	385	3	1	0	41	0
3.843	1	2	385	4	1	0	41	0
3.844	1	2	385	5	1	0	41	0
3.845	1	2	385	6	1	0	41	0
3.846	1	2	385	7	1	0	41	0
3.847	1	2	385	8	1	0	41	0
3.848	1	2	385	9	1	0	41	0
3.849	1	2	385	10	1	0	41	0
3.85	1	2	386	1	1	0	41	0
3.851	1	2	386	2	1	0	41	0
3.852	1	2	386	3	1	0	41	0
3.853	1	2	386	4	1	0	41	0
3.854	1	2	386	5	1	0	41	0
3.855	1	2	386	6	1	0	41	0
3.856	1	2	386	7	1	0	41	0
3.857	1	2	386	8	1	0	41	0
3.858	1	2	386	9	1	0	41	0
3.859	1	2	386	10	1	0	41	0
3.86	1	2	387	1	1	0	41	0
3.861	1	2	387	2	1	0	41	0
3.862	1	2	387	3	1	0	41	0
3.863	1	2	387	4	1	0	41	0
3.864	1	2	387	5	1	0	41	0
3.865	1	2	387	6	1	0	41	0
3.866	1	2	387	7	1	0	41	0
3.867	1	2	387	8	1	0	41	0
3.868	1	2	387	9	1	0	41	0
3.869	1	2	387	10	1	0	41	0
3.87	1	2	388	1	1	0	41	0
3.871	1	2	388	2	1	0	41	0
3.872	1	2	388	3	1	0	41	0
3.873	1	2	388	4	1	0	41	0
3.874	1	2	388	5	1	0	41	0
3.875	1	2	388	6	1	0	41	0
3.876	1	2	388	7	1	0	41	0
3.877	1	2	388	8	1	0	41	0
3.878	1	2	388	9	1	0	41	0
3.879	1	2	388	10	1	0	41	0
3.88	1	2	389	1	1	0	41	0
3.915	2	5	392	6	3	28	749	0
3.915	2	4	392	6	1	0	26	0
3.916	2	5	392	7	3	28	749	0
3.916	2	4	392	7	1	0	26	0
3.917	2	5	392	8	3	28	749	0
3.917	2	4	392	8	1	0	26	0
3.922	2	3	393	3	2	8	209	0
3.923	2	3	393	4	2	8	209	0
3.924	2	3	393	5	2	8	209	0
3.925	2	3	393	6	2	8	209	0
3.926	2	3	393	7	2	8	209	0
3.927	2	3	393	8	2	8	209	0
3.928	2	3	393	9	2	8	209	0
3.929	2	3	393	10	2	8	209	0
3.93	2	3	394	1	2	8	209	0
3.931	2	3	394	2	2	8	209	0
3.932	2	3	394	3	2	8	209	0
3.961	2	4	397	2	1	0	85	0
3.962	2	4	397	3	1	0	85	0
3.963	2	4	397	4	1	0	85	0
3.964	2	4	397	5	1	0	85	0
3.965	2	4	397	6	1	0	85	0
3.966	2	4	397	7	1	0	85	0
3.967	2	4	397	8	1	0	85	0
3.968	2	4	397	9	1	0	85	0
3.969	2	4	397	10	1	0	85	0
3.97	2	4	398	1	1	0	85	0
3.971	2	4	398	2	1	0	85	0
3.972	2	4	398	3	1	0	85	0
3.973	2	4	398	4	1	0	85	0
3.974	2	4	398	5	1	0	85	0
3.975	2	4	398	6	1	0	85	0
3.976	2	4	398	7	1	0	85	0
3.977	2	4	398	8	1	0	85	0
3.978	2	4	398	9	1	0	85	0
3.979	2	4	398	10	1	0	85	0
3.98	2	4	399	1	1	0	85	0
3.981	2	4	399	2	1	0	85	0
3.982	2	4	399	3	1	0	85	0
3.983	2	4	399	4	1	0	85	0
3.984	2	4	399	5	1	0	85	0
3.985	2	4	399	6	1	0	85	0
3.986	2	4	399	7	1	0	85	0
3.987	2	4	399	8	1	0	85	0
3.988	2	4	399	9	1	0	85	0
3.989	2	4	399	10	1	0	85	0
3.99	2	4	400	1	1	0	85	0
3.991	2	4	400	2	1	0	85	0
3.992	2	4	400	3	1	0	85	0
3.993	2	4	400	4	1	0	85	0
3.994	2	4	400	5	1	0	85	0
3.995	2	4	400	6	1	0	85	0
3.996	2	4	400	7	1	0	85	0
3.997	2	4	400	8	1	0	85	0
3.998	2	4	400	9	1	0	85	0
3.999	2	4	400	10	1	0	85	0
4	2	4	401	1	1	0	85	0
4.041	1	2	405	2	1	0	41	0
4.042	1	2	405	3	1	0	41	0
4.042	1	1	405	3	2	4	105	0
4.043	1	2	405	4	1	0	41	0
4.043	1	1	405	4	2	4	105	0
4.044	1	2	405	5	1	0	41	0
4.044	1	1	405	5	2	4	105	0
4.045	1	2	405	6	1	0	41	0
4.045	1	1	405	6	2	4	105	0
4.046	1	2	405	7	1	0	41	0
4.046	1	1	405	7	2	4	105	0
4.047	1	2	405	8	1	0	41	0
4.047	1	1	405	8	2	4	105	0
4.048	1	2	405	9	1	0	41	0
4.048	1	1	405	9	2	4	105	0
4.049	1	2	405	10	1	0	41	0
4.049	1	1	405	10	2	4	105	0
4.05	1	2	406	1	1	0	41	0
4.05	1	1	406	1	2	4	105	0
4.051	1	2	406	2	1	0	41	0
4.051	1	1	406	2	2	4	105	0
4.052	1	2	406	3	1	0	41	0
4.052	1	1	406	3	2	4	105	0
4.053	1	2	406	4	1	0	41	0
4.053	1	1	406	4	2	4	105	0
4.054	1	2	406	5	1	0	41	0
4.054	1	1	406	5	2	4	105	0
4.055	1	2	406	6	1	0	41	0
4.055	1	1	406	6	2	4	105	0
4.056	1	2	406	7	1	0	41	0
4.056	1	1	406	7	2	4	105	0
4.057	1	2	406	8	1	0	41	0
4.057	1	1	406	8	2	4	105	0
4.058	1	2	406	9	1	0	41	0
4.058	1	1	406	9	2	4	105	0
4.059	1	2	406	10	1	0	41	0
4.059	1	1	406	10	2	4	105	0
4.06	1	2	407	1	1	0	41	0
4.06	1	1	407	1	2	4	105	0
4.061	1	2	407	2	1	0	41	0
4.061	1	1	407	2	2	4	105	0
4.062	1	2	407	3	1	0	41	0
4.062	1	1	407	3	2	4	105	0
4.063	1	2	407	4	1	0	41	0
4.063	1	1	407	4	2	4	105	0
4.064	1	2	407	5	1	0	41	0
4.064	1	1	407	5	2	4	105	0
4.065	1	2	407	6	1	0	41	0
4.065	1	1	407	6	2	4	105	0
4.065	2	3	407	6	2	2	41	0
4.065	2	5	407	6	3	28	749	0
4.066	1	2	407	7	1	0	41	0
4.066	1	1	407	7	2	4	105	0
4.066	2	3	407	7	2	2	41	0
4.066	2	5	407	7	3	28	749	0
4.067	1	2	407	8	1	0	41	0
4.067	1	1	407	8	2	4	105	0
4.067	2	3	407	8	2	2	41	0
4.067	2	5	407	8	3	28	749	0
4.068	1	2	407	9	1	0	41	0
4.068	1	1	407	9	2	4	105	0
4.068	2	3	407	9	2	2	65	0
4.069	1	2	407	10	1	0	41	0
4.069	1	1	407	10	2	4	105	0
4.069	2	3	407	10	2	2	65	0
4.07	1	2	408	1	1	0	41	0
4.07	1	1	408	1	2	4	105	0
4.07	2	3	408	1	2	2	65	0
4.071	1	2	408	2	1	0	41	0
4.071	1	1	408	2	2	4	105	0
4.071	2	3	408	2	2	2	65	0
4.072	1	2	408	3	1	0	41	0
4.072	1	1	408	3	2	4	105	0
4.072	2	3	408	3	2	2	65	0
4.073	1	2	408	4	1	0	41	0
4.073	1	1	408	4	2	4	105	0
4.073	2	3	408	4	2	2	65	0
4.074	1	2	408	5	1	0	41	0
4.074	1	1	408	5	2	4	105	0
4.074	2	3	408	5	2	2	65	0
4.075	1	2	408	6	1	0	41	0
4.075	1	1	408	6	2	4	105	0
4.075	2	3	408	6	2	2	65	0
4.076	1	2	408	7	1	0	41	0
4.076	1	1	408	7	2	4	105	0
4.076	2	3	408	7	2	2	65	0
4.077	1	2	408	8	1	0	41	0
4.077	1	1	408	8	2	4	105	0
4.077	2	3	408	8	2	2	65	0
4.078	1	2	408	9	1	0	41	0
4.078	1	1	408	9	2	4	105	0
4.078	2	3	408	9	2	2	65	0
4.079	1	2	408	10	1	0	41	0
4.079	1	1	408	10	2	4	105	0
4.079	2	3	408	10	2	2	65	0
4.08	1	2	409	1	1	0	41	0
4.08	1	1	409	1	2	4	105	0
4.08	2	3	409	1	2	2	65	0
4.081	1	1	409	2	2	4	105	0
4.081	2	3	409	2	2	2	65	0
4.082	1	1	409	3	2	8	209	0
4.083	1	1	409	4	2	8	209	0
4.084	1	1	409	5	2	8	209	0
4.085	1	1	409	6	2	8	209	0
4.086	1	1	409	7	2	8	209	0
4.087	1	1	409	8	2	8	209	0
4.088	1	1	409	9	2	8	209	0
4.089	1	1	409	10	2	8	209	0
4.09	1	1	410	1	2	8	209	0
4.091	1	1	410	2	2	8	209	0
4.092	1	1	410	3	2	8	209	0
4.093	1	1	410	4	2	8	209	0
4.094	1	1	410	5	2	8	209	0
4.095	1	1	410	6	2	8	209	0
4.096	1	1	410	7	2	8	209	0
4.097	1	1	410	8	2	8	209	0
4.098	1	1	410	9	2	8	209	0
4.099	1	1	410	10	2	8	209	0
4.1	1	1	411	1	2	8	209	0
4.101	1	1	411	2	2	8	209	0
4.102	1	1	411	3	2	8	209	0
4.103	1	1	411	4	2	8	209	0
4.104	1	1	411	5	2	8	209	0
4.105	1	1	411	6	2	8	209	0
4.106	1	1	411	7	2	8	209	0
4.107	1	1	411	8	2	8	209	0
4.108	1	1	411	9	2	8	209	0
4.109	1	1	411	10	2	8	209	0
4.121	1	2	413	2	1	2	137	0
4.122	1	2	413	3	1	2	137	0
4.123	1	2	413	4	1	2	137	0
4.124	1	2	413	5	1	2	137	0
4.125	1	2	413	6	1	2	137	0
4.126	1	2	413	7	1	2	137	0
4.127	1	2	413	8	1	2	137	0
4.128	1	2	413	9	1	2	137	0
4.129	1	2	413	10	1	2	137	0
4.13	1	2	414	1	1	2	137	0
4.131	1	2	414	2	1	2	137	0
4.132	1	2	414	3	1	2	137	0
4.133	1	2	414	4	1	2	137	0
4.134	1	2	414	5	1	2	137	0
4.135	1	2	414	6	1	2	137	0
4.136	1	2	414	7	1	2	137	0
4.137	1	2	414	8	1	2	137	0
4.138	1	2	414	9	1	2	137	0
4.139	1	2	414	10	1	2	137	0
4.14	1	2	415	1	1	2	137	0
4.141	1	2	415	2	1	2	137	0
4.142	1	2	415	3	1	2	137	0
4.143	1	2	415	4	1	2	137	0
4.144	1	2	415	5	1	2	137	0
4.145	1	2	415	6	1	2	137	0
4.146	1	2	415	7	1	2	137	0
4.147	1	2	415	8	1	2	137	0
4.148	1	2	415	9	1	2	137	0
4.149	1	2	415	10	1	2	137	0
4.15	1	2	416	1	1	2	137	0
4.151	1	2	416	2	1	2	137	0
4.152	1	2	416	3	1	2	137	0
4.153	1	2	416	4	1	2	137	0
4.215	1	1	422	6	2	18	549	0
4.215	2	5	422	6	3	28	749	0
4.216	1	1	422	7	2	18	549	0
4.216	2	5	422	7	3	28	749	0
4.217	1	1	422	8	2	18	549	0
4.217	2	5	422	8	3	28	749	0
4.218	1	1	422	9	2	18	549	0
4.218	2	5	422	9	3	28	749	0
4.219	2	5	422	10	3	28	749	0
4.22	2	5	423	1	3	28	749	0
4.221	2	5	423	2	3	28	749	0
4.222	2	5	423	3	3	28	749	0
4.223	2	5	423	4	3	28	749	0
4.224	2	5	423	5	3	28	749	0
4.225	2	5	423	6	3	28	749	0
4.321	2	4	433	2	1	0	41	0
4.322	2	3	433	3	2	2	65	0
4.322	2	4	433	3	1	0	41	0
4.323	2	3	433	4	2	2	65	0
4.323	2	4	433	4	1	0	41	0
4.324	2	3	433	5	2	2	65	0
4.324	2	4	433	5	1	0	41	0
4.325	2	3	433	6	2	2	65	0
4.325	2	4	433	6	1	0	41	0
4.326	2	3	433	7	2	2	65	0
4.326	2	4	433	7	1	0	41	0
4.327	2	3	433	8	2	2	65	0
4.327	2	4	433	8	1	0	41	0
4.328	2	3	433	9	2	2	65	0
4.328	2	4	433	9	1	0	41	0
4.329	2	3	433	10	2	2	65	0
4.329	2	4	433	10	1	0	41	0
4.33	2	3	434	1	2	2	65	0
4.33	2	4	434	1	1	0	41	0
4.331	2	3	434	2	2	2	65	0
4.331	2	4	434	2	1	0	41	0
4.332	2	3	434	3	2	2	65	0
4.332	2	4	434	3	1	0	41	0
4.333	2	3	434	4	2	2	65	0
4.333	2	4	434	4	1	0	41	0
4.334	2	3	434	5	2	2	65	0
4.334	2	4	434	5	1	0	41	0
4.335	2	3	434	6	2	2	65	0
4.335	2	4	434	6	1	0	41	0
4.336	2	3	434	7	2	2	65	0
4.336	2	4	434	7	1	0	41	0
4.337	2	3	434	8	2	2	65	0
4.337	2	4	434	8	1	0	41	0
4.338	2	3	434	9	2	2	65	0
4.338	2	4	434	9	1	0	41	0
4.339	2	3	434	10	2	2	65	0
4.339	2	4	434	10	1	0	41	0
4.34	2	3	435	1	2	2	65	0
4.34	2	4	435	1	1	0	41	0
4.341	2	3	435	2	2	2	65	0
4.341	2	4	435	2	1	0	41	0
4.342	2	3	435	3	2	2	65	0
4.342	2	4	435	3	1	0	41	0
4.343	2	3	435	4	2	2	65	0
4.343	2	4	435	4	1	0	41	0
4.344	2	3	435	5	2	2	65	0
4.344	2	4	435	5	1	0	41	0
4.345	2	3	435	6	2	2	65	0
4.345	2	4	435	6	1	0	41	0
4.346	2	3	435	7	2	2	65	0
4.346	2	4	435	7	1	0	41	0
4.347	2	3	435	8	2	2	65	0
4.347	2	4	435	8	1	0	41	0
4.348	2	3	435	9	2	2	65	0
4.348	2	4	435	9	1	0	41	0
4.349	2	3	435	10	2	2	65	0
4.349	2	4	435	10	1	0	41	0
4.35	2	3	436	1	2	2	65	0
4.35	2	4	436	1	1	0	41	0
4.351	2	3	436	2	2	2	65	0
4.351	2	4	436	2	1	0	41	0
4.352	2	3	436	3	2	2	65	0
4.352	2	4	436	3	1	0	41	0
4.353	2	3	436	4	2	2	65	0
4.353	2	4	436	4	1	0	41	0
4.354	2	3	436	5	2	2	65	0
4.354	2	4	436	5	1	0	41	0
4.355	2	3	436	6	2	2	65	0
4.355	2	4	436	6	1	0	41	0
4.356	2	3	436	7	2	2	65	0
4.356	2	4	436	7	1	0	41	0
4.357	2	3	436	8	2	2	65	0
4.357	2	4	436	8	1	0	41	0
4.358	2	3	436	9	2	2	65	0
4.358	2	4	436	9	1	0	41	0
4.359	2	3	436	10	2	2	65	0
4.359	2	4	436	10	1	0	41	0
4.36	2	3	437	1	2	2	65	0
4.36	2	4	437	1	1	0	41	0
4.361	2	3	437	2	2	2	65	0
4.362	2	3	437	3	2	2	65	0
4.363	2	3	437	4	2	2	65	0
4.364	2	3	437	5	2	2	65	0
4.365	1	2	437	6	1	2	65	0
4.365	2	3	437	6	2	2	41	0
4.365	2	5	437	6	3	28	749	0
4.366	1	2	437	7	1	2	65	0
4.366	2	3	437	7	2	2	41	0
4.366	2	5	437	7	3	28	749	0
4.367	1	2	437	8	1	2	65	0
4.367	2	3	437	8	2	2	41	0
4.367	2	5	437	8	3	28	749	0
4.368	1	2	437	9	1	2	65	0
4.368	2	3	437	9	2	2	65	0
4.369	1	2	437	10	1	2	65	0
4.369	2	3	437	10	2	2	65	0
4.37	1	2	438	1	1	2	65	0
4.37	2	3	438	1	2	2	65	0
4.371	1	2	438	2	1	2	65	0
4.371	2	3	438	2	2	2	65	0
4.372	1	2	438	3	1	2	65	0
4.372	2	3	438	3	2	2	65	0
4.373	1	2	438	4	1	2	65	0
4.373	2	5	438	4	3	28	749	0
4.373	2	3	438	4	2	2	41	0
4.374	1	2	438	5	1	2	65	0
4.374	2	5	438	5	3	28	749	0
4.374	2	3	438	5	2	2	41	0
4.375	1	2	438	6	1	2	65	0
4.375	2	3	438	6	2	2	65	0
4.376	1	2	438	7	1	2	65	0
4.376	2	3	438	7	2	2	65	0
4.377	1	2	438	8	1	2	65	0
4.377	2	3	438	8	2	2	65	0
4.378	1	2	438	9	1	2	65	0
4.378	2	3	438	9	2	2	65	0
4.379	1	2	438	10	1	2	65	0
4.379	2	3	438	10	2	2	65	0
4.38	1	2	439	1	1	2	65	0
4.38	2	3	439	1	2	2	65	0
4.381	1	2	439	2	1	2	65	0
4.381	2	3	439	2	2	2	65	0
4.382	1	2	439	3	1	2	65	0
4.382	2	3	439	3	2	2	65	0
4.383	1	2	439	4	1	2	65	0
4.383	2	3	439	4	2	2	65	0
4.384	1	2	439	5	1	2	65	0
4.384	2	3	439	5	2	2	65	0
4.385	1	2	439	6	1	2	65	0
4.385	2	3	439	6	2	2	41	0
4.385	2	5	439	6	3	28	749	0
4.386	1	2	439	7	1	2	65	0
4.386	2	3	439	7	2	2	65	0
4.387	1	2	439	8	1	2	65	0
4.387	2	3	439	8	2	2	65	0
4.388	1	2	439	9	1	2	65	0
4.388	2	3	439	9	2	2	65	0
4.389	1	2	439	10	1	2	65	0
4.389	2	3	439	10	2	2	65	0
4.39	1	2	440	1	1	2	65	0
4.39	2	3	440	1	2	2	65	0
4.391	1	2	440	2	1	2	65	0
4.391	2	3	440	2	2	2	65	0
4.392	1	2	440	3	1	2	65	0
4.392	2	3	440	3	2	2	65	0
4.393	1	2	440	4	1	2	65	0
4.393	2	3	440	4	2	2	65	0
4.394	1	2	440	5	1	2	65	0
4.394	2	3	440	5	2	2	65	0
4.395	1	2	440	6	1	2	65	0
4.395	2	3	440	6	2	2	41	0
4.395	2	5	440	6	3	28	749	0
4.396	1	2	440	7	1	2	65	0
4.396	2	3	440	7	2	2	65	0
4.397	1	2	440	8	1	2	65	0
4.397	2	3	440	8	2	2	65	0
4.398	1	2	440	9	1	2	65	0
4.398	2	3	440	9	2	2	65	0
4.399	1	2	440	10	1	2	65	0
4.399	2	3	440	10	2	2	65	0
4.4	1	2	441	1	1	2	65	0
4.4	2	3	441	1	2	2	65	0
4.401	1	2	441	2	1	2	65	0
4.401	2	3	441	2	2	2	65	0
4.402	1	2	441	3	1	2	65	0
4.402	2	5	441	3	3	28	749	0
4.402	2	3	441	3	2	8	137	0
4.403	1	2	441	4	1	2	65	0
4.403	2	3	441	4	2	2	65	0
4.404	1	2	441	5	1	2	65	0
4.404	2	3	441	5	2	2	65	0
4.405	1	2	441	6	1	2	65	0
4.405	2	3	441	6	2	2	65	0
4.406	1	2	441	7	1	2	65	0
4.406	2	3	441	7	2	2	65	0
4.407	1	2	441	8	1	2	65	0
4.407	2	3	441	8	2	2	65	0
4.408	1	2	441	9	1	2	65	0
4.408	2	3	441	9	2	2	65	0
4.409	1	2	441	10	1	2	65	0
4.409	2	3	441	10	2	2	65	0
4.41	1	2	442	1	1	2	65	0
4.41	2	3	442	1	2	2	65	0
4.411	1	2	442	2	1	2	65	0
4.411	2	3	442	2	2	2	65	0
4.412	1	2	442	3	1	2	65	0
4.412	2	3	442	3	2	2	65	0
4.413	1	2	442	4	1	2	65	0
4.413	2	3	442	4	2	2	65	0
4.414	1	2	442	5	1	2	65	0
4.414	2	3	442	5	2	2	65	0
4.415	1	2	442	6	1	2	65	0
4.415	2	3	442	6	2	2	65	0
4.416	1	2	442	7	1	2	65	0
4.416	2	3	442	7	2	2	65	0
4.417	1	2	442	8	1	2	65	0
4.417	2	3	442	8	2	2	65	0
4.418	1	2	442	9	1	2	65	0
4.418	2	3	442	9	2	2	65	0
4.419	1	2	442	10	1	2	65	0
4.419	2	3	442	10	2	2	65	0
4.42	1	2	443	1	1	2	65	0
4.42	2	3	443	1	2	2	65	0
4.421	1	2	443	2	1	2	65	0
4.422	1	2	443	3	1	2	65	0
4.423	1	2	443	4	1	2	65	0
4.424	1	2	443	5	1	2	65	0
4.425	1	2	443	6	1	2	65	0
4.426	1	2	443	7	1	2	65	0
4.427	1	2	443	8	1	2	65	0
4.428	1	2	443	9	1	2	65	0
4.429	1	2	443	10	1	2	65	0
4.43	1	2	444	1	1	2	65	0
4.431	1	2	444	2	1	2	65	0
4.432	1	2	444	3	1	2	65	0
4.433	1	2	444	4	1	2	65	0
4.434	1	2	444	5	1	2	65	0
4.435	1	2	444	6	1	2	65	0
4.436	1	2	444	7	1	2	65	0
4.437	1	2	444	8	1	2	65	0
4.438	1	2	444	9	1	2	65	0
4.439	1	2	444	10	1	2	65	0
4.515	1	2	452	6	1	8	209	0
4.515	2	3	452	6	2	6	101	0
4.515	2	5	452	6	3	26	621	0
4.516	1	2	452	7	1	8	209	0
4.516	2	3	452	7	2	6	101	0
4.516	2	5	452	7	3	26	621	0
4.517	1	2	452	8	1	8	209	0
4.517	2	3	452	8	2	6	101	0
4.517	2	5	452	8	3	26	621	0
4.518	1	2	452	9	1	8	209	0
4.518	2	3	452	9	2	6	101	0
4.518	2	5	452	9	3	26	621	0
4.519	1	2	452	10	1	8	209	0
4.519	2	3	452	10	2	6	153	0
4.52	1	2	453	1	1	8	209	0
4.52	2	3	453	1	2	6	153	0
4.521	2	3	453	2	2	6	153	0
4.521	2	4	453	2	1	0	41	0
4.522	2	5	453	3	3	26	621	0
4.522	2	4	453	3	1	4	69	0
4.523	2	5	453	4	3	26	621	0
4.523	2	4	453	4	1	4	69	0
4.524	2	5	453	5	3	26	621	0
4.524	2	4	453	5	1	4	69	0
4.525	2	5	453	6	3	26	621	0
4.525	2	4	453	6	1	4	69	0
4.526	2	4	453	7	1	0	41	0
4.527	2	4	453	8	1	0	41	0
4.528	2	4	453	9	1	0	41	0
4.529	2	4	453	10	1	0	41	0
4.53	2	4	454	1	1	0	41	0
4.531	2	4	454	2	1	0	41	0
4.532	2	4	454	3	1	0	41	0
4.533	2	4	454	4	1	0	41	0
4.534	2	4	454	5	1	0	41	0
4.535	2	4	454	6	1	0	41	0
4.536	2	4	454	7	1	0	41	0
4.537	2	4	454	8	1	0	41	0
4.538	2	4	454	9	1	0	41	0
4.539	2	4	454	10	1	0	41	0
4.54	2	4	455	1	1	0	41	0
4.541	2	4	455	2	1	0	41	0
4.542	2	4	455	3	1	0	41	0
4.543	2	4	455	4	1	0	41	0
4.544	2	4	455	5	1	0	41	0
4.545	2	4	455	6	1	0	41	0
4.546	2	4	455	7	1	0	41	0
4.547	2	4	455	8	1	0	41	0
4.548	2	4	455	9	1	0	41	0
4.549	2	4	455	10	1	0	41	0
4.55	2	4	456	1	1	0	41	0
4.551	2	4	456	2	1	0	41	0
4.552	2	4	456	3	1	0	41	0
4.553	2	4	456	4	1	0	41	0
4.554	2	4	456	5	1	0	41	0
4.555	2	4	456	6	1	0	41	0
4.556	2	4	456	7	1	0	41	0
4.557	2	4	456	8	1	0	41	0
4.558	2	4	456	9	1	0	41	0
4.559	2	4	456	10	1	0	41	0
4.56	2	4	457	1	1	0	41	0
4.601	1	2	461	2	1	4	105	0
4.602	1	1	461	3	2	4	105	0
4.602	1	2	461	3	1	4	105	0
4.603	1	1	461	4	2	4	105	0
4.603	1	2	461	4	1	4	105	0
4.604	1	1	461	5	2	4	105	0
4.604	1	2	461	5	1	4	105	0
4.605	1	1	461	6	2	4	105	0
4.605	1	2	461	6	1	4	105	0
4.606	1	1	461	7	2	4	105	0
4.606	1	2	461	7	1	4	105	0
4.607	1	1	461	8	2	4	105	0
4.607	1	2	461	8	1	4	105	0
4.608	1	1	461	9	2	4	105	0
4.608	1	2	461	9	1	4	105	0
4.609	1	1	461	10	2	4	105	0
4.609	1	2	461	10	1	4	105	0
4.61	1	1	462	1	2	4	105	0
4.61	1	2	462	1	1	4	105	0
4.611	1	1	462	2	2	4	105	0
4.611	1	2	462	2	1	4	105	0
4.612	1	1	462	3	2	4	105	0
4.612	1	2	462	3	1	4	105	0
4.613	1	1	462	4	2	4	105	0
4.613	1	2	462	4	1	4	105	0
4.614	1	1	462	5	2	4	105	0
4.614	1	2	462	5	1	4	105	0
4.615	1	1	462	6	2	4	105	0
4.615	1	2	462	6	1	4	105	0
4.616	1	1	462	7	2	4	105	0
4.616	1	2	462	7	1	4	105	0
4.617	1	1	462	8	2	4	105	0
4.617	1	2	462	8	1	4	105	0
4.618	1	1	462	9	2	4	225	0
4.619	1	1	462	10	2	4	225	0
4.62	1	1	463	1	2	4	225	0
4.621	1	1	463	2	2	4	225	0
4.622	1	1	463	3	2	4	225	0
4.623	1	1	463	4	2	4	225	0
4.624	1	1	463	5	2	4	225	0
4.625	1	1	463	6	2	4	225	0
4.626	1	1	463	7	2	4	225	0
4.627	1	1	463	8	2	4	225	0
4.628	1	1	463	9	2	4	225	0
4.629	1	1	463	10	2	4	225	0
4.63	1	1	464	1	2	4	225	0
4.631	1	1	464	2	2	4	225	0
4.642	2	3	465	3	2	4	105	0
4.643	2	3	465	4	2	4	105	0
4.644	2	3	465	5	2	4	105	0
4.645	2	3	465	6	2	4	105	0
4.646	2	3	465	7	2	4	105	0
4.647	2	3	465	8	2	4	105	0
4.648	2	3	465	9	2	4	105	0
4.649	2	3	465	10	2	4	105	0
4.65	2	3	466	1	2	4	105	0
4.651	2	3	466	2	2	4	105	0
4.652	2	3	466	3	2	4	105	0
4.653	2	3	466	4	2	4	105	0
4.654	2	3	466	5	2	4	105	0
4.655	2	3	466	6	2	4	105	0
4.656	2	3	466	7	2	4	105	0
4.657	2	3	466	8	2	4	105	0
4.658	2	3	466	9	2	4	105	0
4.659	2	3	466	10	2	4	105	0
4.66	2	3	467	1	2	4	105	0
4.661	2	3	467	2	2	4	105	0
4.665	2	3	467	6	2	4	69	0
4.665	2	5	467	6	3	28	749	0
4.665	2	4	467	6	1	6	101	0
4.666	2	3	467	7	2	4	69	0
4.666	2	5	467	7	3	28	749	0
4.666	2	4	467	7	1	6	101	0
4.667	2	3	467	8	2	4	69	0
4.667	2	5	467	8	3	28	749	0
4.667	2	4	467	8	1	6	101	0
4.668	2	3	467	9	2	4	105	0
4.669	2	3	467	10	2	4	105	0
4.67	2	3	468	1	2	4	105	0
4.671	2	3	468	2	2	4	105	0
4.672	2	3	468	3	2	4	105	0
4.673	2	3	468	4	2	4	105	0
4.674	2	3	468	5	2	4	105	0
4.675	2	3	468	6	2	4	105	0
4.676	2	3	468	7	2	4	105	0
4.677	2	3	468	8	2	4	105	0
4.678	2	3	468	9	2	4	105	0
4.679	2	3	468	10	2	4	105	0
4.68	2	3	469	1	2	4	105	0
4.681	2	3	469	2	2	4	105	0
4.681	2	4	469	2	1	0	41	0
4.682	2	4	469	3	1	0	41	0
4.683	2	4	469	4	1	0	41	0
4.684	2	4	469	5	1	0	41	0
4.685	2	4	469	6	1	0	41	0
4.686	2	4	469	7	1	0	41	0
4.687	2	4	469	8	1	0	41	0
4.688	2	4	469	9	1	0	41	0
4.689	2	4	469	10	1	0	41	0
4.69	2	4	470	1	1	0	41	0
4.691	2	4	470	2	1	0	41	0
4.692	2	4	470	3	1	0	41	0
4.693	2	4	470	4	1	0	41	0
4.694	2	4	470	5	1	0	41	0
4.695	2	4	470	6	1	0	41	0
4.696	2	4	470	7	1	0	41	0
4.697	2	4	470	8	1	0	41	0
4.698	2	4	470	9	1	0	41	0
4.699	2	4	470	10	1	0	41	0
4.7	2	4	471	1	1	0	41	0
4.701	2	4	471	2	1	0	41	0
4.702	2	4	471	3	1	0	41	0
4.703	2	4	471	4	1	0	41	0
4.704	2	4	471	5	1	0	41	0
4.705	2	4	471	6	1	0	41	0
4.706	2	4	471	7	1	0	41	0
4.707	2	4	471	8	1	0	41	0
4.708	2	4	471	9	1	0	41	0
4.709	2	4	471	10	1	0	41	0
4.71	2	4	472	1	1	0	41	0
4.711	2	4	472	2	1	0	41	0
4.712	2	4	472	3	1	0	41	0
4.713	2	4	472	4	1	0	41	0
4.714	2	4	472	5	1	0	41	0
4.715	2	4	472	6	1	0	41	0
4.716	2	4	472	7	1	0	41	0
4.717	2	4	472	8	1	0	41	0
4.718	2	4	472	9	1	0	41	0
4.719	2	4	472	10	1	0	41	0
4.72	2	4	473	1	1	0	41	0
4.721	2	4	473	2	1	6	153	0
4.722	1	1	473	3	2	0	41	0
4.722	2	4	473	3	1	6	153	0
4.723	1	1	473	4	2	0	41	0
4.723	2	4	473	4	1	6	153	0
4.724	1	1	473	5	2	0	41	0
4.724	2	4	473	5	1	6	153	0
4.725	1	1	473	6	2	0	41	0
4.725	2	4	473	6	1	6	153	0
4.726	1	1	473	7	2	0	41	0
4.726	2	4	473	7	1	6	153	0
4.727	1	1	473	8	2	0	41	0
4.727	2	4	473	8	1	6	153	0
4.728	1	1	473	9	2	0	41	0
4.728	2	4	473	9	1	6	153	0
4.729	1	1	473	10	2	0	41	0
4.729	2	4	473	10	1	6	153	0
4.73	1	1	474	1	2	0	41	0
4.73	2	4	474	1	1	6	153	0
4.731	1	1	474	2	2	0	41	0
4.731	2	4	474	2	1	6	153	0
4.732	1	1	474	3	2	0	41	0
4.732	2	4	474	3	1	6	153	0
4.733	1	1	474	4	2	0	41	0
4.733	2	4	474	4	1	6	153	0
4.734	1	1	474	5	2	0	41	0
4.734	2	4	474	5	1	6	153	0
4.735	1	1	474	6	2	0	41	0
4.735	2	4	474	6	1	6	153	0
4.736	1	1	474	7	2	0	41	0
4.736	2	4	474	7	1	6	153	0
4.737	1	1	474	8	2	0	41	0
4.737	2	4	474	8	1	6	153	0
4.738	1	1	474	9	2	0	41	0
4.738	2	4	474	9	1	6	153	0
4.739	1	1	474	10	2	0	41	0
4.739	2	4	474	10	1	6	153	0
4.74	1	1	475	1	2	0	41	0
4.74	2	4	475	1	1	6	153	0
4.741	1	1	475	2	2	0	41	0
4.741	2	4	475	2	1	6	153	0
4.742	1	1	475	3	2	0	41	0
4.742	2	4	475	3	1	6	153	0
4.743	1	1	475	4	2	0	41	0
4.743	2	4	475	4	1	6	153	0
4.744	1	1	475	5	2	0	41	0
4.744	2	4	475	5	1	6	153	0
4.745	1	1	475	6	2	0	41	0
4.745	2	4	475	6	1	6	153	0
4.746	1	1	475	7	2	0	41	0
4.746	2	4	475	7	1	6	153	0
4.747	1	1	475	8	2	0	41	0
4.747	2	4	475	8	1	6	153	0
4.748	1	1	475	9	2	0	41	0
4.748	2	4	475	9	1	6	153	0
4.749	1	1	475	10	2	0	41	0
4.749	2	4	475	10	1	6	153	0
4.75	1	1	476	1	2	0	41	0
4.75	2	4	476	1	1	6	153	0
4.751	1	1	476	2	2	0	41	0
4.751	2	4	476	2	1	6	153	0
4.752	1	1	476	3	2	0	41	0
4.752	2	4	476	3	1	6	153	0
4.753	1	1	476	4	2	0	41	0
4.753	2	4	476	4	1	6	153	0
4.754	1	1	476	5	2	0	41	0
4.754	2	4	476	5	1	6	153	0
4.755	1	1	476	6	2	0	41	0
4.755	2	4	476	6	1	6	153	0
4.756	1	1	476	7	2	0	41	0
4.756	2	4	476	7	1	6	153	0
4.757	1	1	476	8	2	0	41	0
4.757	2	4	476	8	1	6	153	0
4.758	1	1	476	9	2	0	41	0
4.758	2	4	476	9	1	6	153	0
4.759	1	1	476	10	2	0	41	0
4.759	2	4	476	10	1	6	153	0
4.76	1	1	477	1	2	0	41	0
4.76	2	4	477	1	1	6	153	0
4.761	1	1	477	2	2	0	41	0
4.761	2	4	477	2	1	4	105	0
4.762	1	1	477	3	2	6	153	0
4.762	2	3	477	3	2	0	41	0
4.762	2	4	477	3	1	4	105	0
4.763	1	1	477	4	2	6	153	0
4.763	2	3	477	4	2	0	41	0
4.763	2	4	477	4	1	4	105	0
4.764	1	1	477	5	2	6	153	0
4.764	2	4	477	5	1	0	85	0
4.765	1	1	477	6	2	6	153	0
4.765	2	4	477	6	1	0	85	0
4.766	2	4	477	7	1	0	85	0
4.767	2	4	477	8	1	0	85	0
4.768	2	4	477	9	1	0	85	0
4.769	1	1	477	10	2	6	153	0
4.769	2	3	477	10	2	0	41	0
4.769	2	4	477	10	1	4	105	0
4.77	1	1	478	1	2	6	153	0
4.77	2	3	478	1	2	0	41	0
4.77	2	4	478	1	1	4	105	0
4.771	1	1	478	2	2	6	153	0
4.771	2	4	478	2	1	0	85	0
4.772	1	1	478	3	2	6	153	0
4.772	2	4	478	3	1	0	85	0
4.773	2	4	478	4	1	0	85	0
4.774	2	4	478	5	1	0	85	0
4.775	2	4	478	6	1	0	85	0
4.776	2	4	478	7	1	0	85	0
4.777	2	4	478	8	1	0	85	0
4.778	2	4	478	9	1	0	85	0
4.779	2	4	478	10	1	0	85	0
4.78	2	4	479	1	1	0	85	0
4.781	2	4	479	2	1	0	85	0
4.782	2	4	479	3	1	0	85	0
4.783	2	4	479	4	1	0	85	0
4.784	2	4	479	5	1	0	85	0
4.785	2	4	479	6	1	0	85	0
4.786	2	4	479	7	1	0	85	0
4.787	2	4	479	8	1	0	85	0
4.788	2	4	479	9	1	0	85	0
4.789	2	4	479	10	1	0	85	0
4.79	2	4	480	1	1	0	85	0
4.791	2	4	480	2	1	0	85	0
4.792	2	4	480	3	1	0	85	0
4.793	2	4	480	4	1	0	85	0
4.794	2	4	480	5	1	0	85	0
4.815	1	1	482	6	2	6	153	0
4.815	2	3	482	6	2	2	41	0
4.815	2	5	482	6	3	28	749	0
4.816	1	1	482	7	2	6	153	0
4.816	2	3	482	7	2	2	41	0
4.816	2	5	482	7	3	28	749	0
4.817	1	1	482	8	2	6	153	0
4.817	2	3	482	8	2	2	41	0
4.817	2	5	482	8	3	28	749	0
4.818	1	1	482	9	2	6	153	0
4.818	2	3	482	9	2	2	41	0
4.818	2	5	482	9	3	28	749	0
4.819	1	1	482	10	2	6	153	0
4.819	2	3	482	10	2	2	41	0
4.819	2	5	482	10	3	28	749	0
4.82	1	1	483	1	2	6	153	0
4.82	2	3	483	1	2	2	41	0
4.82	2	5	483	1	3	28	749	0
4.821	1	1	483	2	2	6	153	0
4.821	2	3	483	2	2	2	41	0
4.821	2	5	483	2	3	28	749	0
4.822	1	1	483	3	2	6	153	0
4.822	2	5	483	3	3	28	749	0
4.822	2	3	483	3	2	2	41	0
4.823	1	1	483	4	2	6	153	0
4.823	2	5	483	4	3	28	749	0
4.823	2	3	483	4	2	2	41	0
4.824	1	1	483	5	2	6	153	0
4.824	2	5	483	5	3	28	749	0
4.824	2	3	483	5	2	2	41	0
4.825	1	1	483	6	2	6	153	0
4.825	2	5	483	6	3	28	749	0
4.825	2	3	483	6	2	2	41	0
4.826	1	1	483	7	2	6	153	0
4.826	2	5	483	7	3	28	749	0
4.826	2	3	483	7	2	2	41	0
4.827	1	1	483	8	2	6	153	0
4.827	2	5	483	8	3	28	749	0
4.827	2	3	483	8	2	2	41	0
4.828	1	1	483	9	2	6	153	0
4.829	1	1	483	10	2	6	153	0
4.882	2	3	489	3	2	8	209	0
4.883	2	3	489	4	2	8	209	0
4.884	2	3	489	5	2	8	209	0
4.885	2	3	489	6	2	8	209	0
4.886	2	3	489	7	2	8	209	0
4.887	2	3	489	8	2	8	209	0
4.888	2	3	489	9	2	8	209	0
4.889	2	3	489	10	2	8	209	0
4.89	2	3	490	1	2	8	209	0
4.891	2	3	490	2	2	8	209	0
4.892	2	3	490	3	2	8	209	0
4.893	2	3	490	4	2	8	209	0
4.921	1	2	493	2	1	4	225	0
4.922	1	2	493	3	1	4	225	0
4.923	1	2	493	4	1	4	225	0
4.924	1	2	493	5	1	4	225	0
4.925	1	2	493	6	1	4	225	0
4.926	1	2	493	7	1	4	225	0
4.927	1	2	493	8	1	4	225	0
4.928	1	2	493	9	1	4	225	0
4.929	1	2	493	10	1	4	225	0
4.93	1	2	494	1	1	4	225	0
4.931	1	2	494	2	1	4	225	0
4.932	1	2	494	3	1	4	225	0
4.933	1	2	494	4	1	4	225	0
4.934	1	2	494	5	1	4	225	0
4.935	1	2	494	6	1	4	225	0
4.936	1	2	494	7	1	4	225	0
4.937	1	2	494	8	1	4	225	0
4.938	1	2	494	9	1	4	225	0
4.939	1	2	494	10	1	4	225	0
4.94	1	2	495	1	1	4	225	0
4.941	1	2	495	2	1	4	225	0
4.965	2	3	497	6	2	10	173	0
4.965	2	5	497	6	3	28	749	0
4.966	2	3	497	7	2	10	173	0
4.966	2	5	497	7	3	28	749	0
4.967	2	3	497	8	2	10	173	0
4.967	2	5	497	8	3	28	749	0
4.968	2	3	497	9	2	8	209	0
4.969	2	3	497	10	2	8	209	0
4.97	2	3	498	1	2	8	209	0
4.971	2	3	498	2	2	8	209	0
4.972	2	3	498	3	2	8	209	0
4.973	2	3	498	4	2	8	209	0
4.974	2	3	498	5	2	8	209	0
4.975	2	3	498	6	2	8	209	0
