% start	end	CellId	IMSI	RNTI	LCID	nTxPDUs	TxBytes	nRxPDUs	RxBytes	delay	stdDev	min	max	PduSize	stdDev	min	max
0	0.25	1	1	2	3	2	2108	2	2108	0.0274286	0.00494975	0.0239286	0.0309286	1054	0	1054	1054	
0	0.25	1	2	1	3	2	2108	2	2108	0.0169286	0.00282843	0.0149286	0.0189286	1054	0	1054	1054	
0	0.25	2	3	2	3	2	2108	0	0	0	0	0	0	0	0	0	0	
0	0.25	2	4	1	3	2	2108	0	0	0	0	0	0	0	0	0	0	
0	0.25	2	5	3	3	2	2108	2	2108	0.0344286	0.000707107	0.0339286	0.0349286	1054	0	1054	1054	
0.25	0.5	1	1	2	3	4	4216	0	0	0	0	0	0	0	0	0	0	
0.25	0.5	1	2	1	3	4	4216	4	4216	0.0219286	0.00355903	0.0179286	0.0249286	1054	0	1054	1054	
0.25	0.5	2	3	2	3	4	4216	4	4216	0.216179	0.0669695	0.148929	0.281929	1054	0	1054	1054	
0.25	0.5	2	4	1	3	4	4216	2	2108	0.152429	0.0120208	0.143929	0.160929	1054	0	1054	1054	
0.25	0.5	2	5	3	3	4	4216	4	4216	0.0184286	0.00967815	0.0129286	0.0329286	1054	0	1054	1054	
0.5	0.75	1	1	2	3	2	2108	0	0	0	0	0	0	0	0	0	0	
0.5	0.75	1	2	1	3	2	2108	0	0	0	0	0	0	0	0	0	0	
0.5	0.75	2	3	2	3	2	2108	4	4216	0.0484286	0.0290803	0.0199286	0.0759286	1054	0	1054	1054	
0.5	0.75	2	4	1	3	2	2108	3	3162	0.186262	0.0766964	0.0979286	0.235929	1054	0	1054	1054	
0.5	0.75	2	5	3	3	2	2108	2	2108	0.0134286	0.000707107	0.0129286	0.0139286	1054	0	1054	1054	
0.75	1	1	1	2	3	4	4216	0	0	0	0	0	0	0	0	0	0	
0.75	1	1	2	1	3	4	4216	1	1054	0.373929	0	0.373929	0.373929	1054	0	1054	1054	
0.75	1	2	3	2	3	4	4216	0	0	0	0	0	0	0	0	0	0	
0.75	1	2	4	1	3	4	4216	7	7378	0.214357	0.142144	0.0439286	0.431929	1054	0	1054	1054	
0.75	1	2	5	3	3	4	4216	4	4216	0.0186786	0.00953502	0.0129286	0.0329286	1054	0	1054	1054	
1	1.25	1	1	2	3	4	4216	2	2108	0.880429	0.0190919	0.866929	0.893929	1054	0	1054	1054	
1	1.25	1	2	1	3	4	4216	9	9486	0.235373	0.148076	0.0259286	0.447929	1054	0	1054	1054	
1	1.25	2	3	2	3	4	4216	6	6324	0.180262	0.115337	0.0459286	0.330929	1054	0	1054	1054	
1	1.25	2	4	1	3	4	4216	0	0	0	0	0	0	0	0	0	0	
1	1.25	2	5	3	3	4	4216	4	4216	0.0181786	0.0055	0.0129286	0.0229286	1054	0	1054	1054	
1.25	1.5	1	1	2	3	2	2108	0	0	0	0	0	0	0	0	0	0	
1.25	1.5	1	2	1	3	2	2108	2	2108	0.0179286	0.00282843	0.0159286	0.0199286	1054	0	1054	1054	
1.25	1.5	2	3	2	3	2	2108	3	3162	0.0462619	0.0051316	0.0419286	0.0519286	1054	0	1054	1054	
1.25	1.5	2	4	1	3	2	2108	2	2108	0.367429	0.0120208	0.358929	0.375929	1054	0	1054	1054	
1.25	1.5	2	5	3	3	2	2108	2	2108	0.0269286	0	0.0269286	0.0269286	1054	0	1054	1054	
1.5	1.75	1	1	2	3	4	4216	10	10540	0.860129	0.304167	0.232929	1.19493	1054	0	1054	1054	
1.5	1.75	1	2	1	3	4	4216	2	2108	0.0424286	0.0120208	0.0339286	0.0509286	1054	0	1054	1054	
1.5	1.75	2	3	2	3	4	4216	5	5270	0.115529	0.0855061	0.0259286	0.223929	1054	0	1054	1054	
1.5	1.75	2	4	1	3	4	4216	7	7378	0.256071	0.123834	0.0589286	0.408929	1054	0	1054	1054	
1.5	1.75	2	5	3	3	4	4216	4	4216	0.0211786	0.00419325	0.0169286	0.0269286	1054	0	1054	1054	
1.75	2	1	1	2	3	4	4216	5	5270	0.0703286	0.0404265	0.0279286	0.117929	1054	0	1054	1054	
1.75	2	1	2	1	3	4	4216	6	6324	0.103762	0.0590607	0.0279286	0.167929	1054	0	1054	1054	
1.75	2	2	3	2	3	4	4216	0	0	0	0	0	0	0	0	0	0	
1.75	2	2	4	1	3	4	4216	3	3162	0.101262	0.0778481	0.0509286	0.190929	1054	0	1054	1054	
1.75	2	2	5	3	3	4	4216	0	0	0	0	0	0	0	0	0	0	
2	2.25	1	1	2	3	2	2108	3	3162	0.0252619	0.0170978	0.0139286	0.0449286	1054	0	1054	1054	
2	2.25	1	2	1	3	2	2108	2	2108	0.0364286	0.00919239	0.0299286	0.0429286	1054	0	1054	1054	
2	2.25	2	3	2	3	2	2108	6	6324	0.272262	0.121921	0.132929	0.411929	1054	0	1054	1054	
2	2.25	2	4	1	3	2	2108	2	2108	0.0724286	0.0120208	0.0639286	0.0809286	1054	0	1054	1054	
2	2.25	2	5	3	3	2	2108	5	5270	0.112529	0.104013	0.0199286	0.273929	1054	0	1054	1054	
2.25	2.5	1	1	2	3	4	4216	3	3162	0.0535952	0.0245832	0.0279286	0.0769286	1054	0	1054	1054	
2.25	2.5	1	2	1	3	4	4216	4	4216	0.0821786	0.00340343	0.0779286	0.0849286	1054	0	1054	1054	
2.25	2.5	2	3	2	3	4	4216	4	4216	0.0371786	0.0198725	0.0179286	0.0589286	1054	0	1054	1054	
2.25	2.5	2	4	1	3	4	4216	0	0	0	0	0	0	0	0	0	0	
2.25	2.5	2	5	3	3	4	4216	4	4216	0.0171786	0.00442531	0.0129286	0.0219286	1054	0	1054	1054	
2.5	2.75	1	1	2	3	4	4216	5	5270	0.123929	0.10617	0.0169286	0.281929	1054	0	1054	1054	
2.5	2.75	1	2	1	3	4	4216	4	4216	0.0279286	0.00588784	0.0219286	0.0339286	1054	0	1054	1054	
2.5	2.75	2	3	2	3	4	4216	0	0	0	0	0	0	0	0	0	0	
2.5	2.75	2	4	1	3	4	4216	2	2108	0.600429	0.0120208	0.591929	0.608929	1054	0	1054	1054	
2.5	2.75	2	5	3	3	4	4216	4	4216	0.0254286	0.00264575	0.0219286	0.0279286	1054	0	1054	1054	
2.75	3	1	1	2	3	2	2108	1	1054	0.0219286	0	0.0219286	0.0219286	1054	0	1054	1054	
2.75	3	1	2	1	3	2	2108	2	2108	0.122929	0.00707107	0.117929	0.127929	1054	0	1054	1054	
2.75	3	2	3	2	3	2	2108	5	5270	0.281729	0.0998409	0.133929	0.411929	1054	0	1054	1054	
2.75	3	2	4	1	3	2	2108	0	0	0	0	0	0	0	0	0	0	
2.75	3	2	5	3	3	2	2108	2	2108	0.0149286	0.00141421	0.0139286	0.0159286	1054	0	1054	1054	
3	3.25	1	1	2	3	4	4216	3	3162	0.101929	0.0781025	0.0519286	0.191929	1054	0	1054	1054	
3	3.25	1	2	1	3	4	4216	2	2108	0.222429	0.0120208	0.213929	0.230929	1054	0	1054	1054	
3	3.25	2	3	2	3	4	4216	5	5270	0.0915286	0.0291599	0.0639286	0.140929	1054	0	1054	1054	
3	3.25	2	4	1	3	4	4216	0	0	0	0	0	0	0	0	0	0	
3	3.25	2	5	3	3	4	4216	4	4216	0.0179286	0.0087178	0.0129286	0.0309286	1054	0	1054	1054	
3.25	3.5	1	1	2	3	4	4216	2	2108	0.0949286	0.00282843	0.0929286	0.0969286	1054	0	1054	1054	
3.25	3.5	1	2	1	3	4	4216	4	4216	0.0611786	0.0467431	0.0159286	0.104929	1054	0	1054	1054	
3.25	3.5	2	3	2	3	4	4216	4	4216	0.0306786	0.00736546	0.0219286	0.0399286	1054	0	1054	1054	
3.25	3.5	2	4	1	3	4	4216	0	0	0	0	0	0	0	0	0	0	
3.25	3.5	2	5	3	3	4	4216	4	4216	0.0221786	0.0084212	0.0139286	0.0339286	1054	0	1054	1054	
3.5	3.75	1	1	2	3	2	2108	4	4216	0.178429	0.0754299	0.109929	0.251929	1054	0	1054	1054	
3.5	3.75	1	2	1	3	2	2108	4	4216	0.0664286	0.0308815	0.0379286	0.100929	1054	0	1054	1054	
3.5	3.75	2	3	2	3	2	2108	0	0	0	0	0	0	0	0	0	0	
3.5	3.75	2	4	1	3	2	2108	2	2108	1.40743	0.0190919	1.39393	1.42093	1054	0	1054	1054	
3.5	3.75	2	5	3	3	2	2108	2	2108	0.0259286	0	0.0259286	0.0259286	1054	0	1054	1054	
3.75	4	1	1	2	3	4	4216	0	0	0	0	0	0	0	0	0	0	
3.75	4	1	2	1	3	4	4216	1	1054	0.114929	0	0.114929	0.114929	1054	0	1054	1054	
3.75	4	2	3	2	3	4	4216	6	6324	0.0997619	0.0845823	0.0239286	0.208929	1054	0	1054	1054	
3.75	4	2	4	1	3	4	4216	2	2108	1.57643	0.0148492	1.56593	1.58693	1054	0	1054	1054	
3.75	4	2	5	3	3	4	4216	4	4216	0.0134286	0.00057735	0.0129286	0.0139286	1054	0	1054	1054	
4	4.25	1	1	2	3	4	4216	10	10540	0.204929	0.175227	0.0129286	0.458929	1054	0	1054	1054	
4	4.25	1	2	1	3	4	4216	5	5270	0.184529	0.0940627	0.0839286	0.301929	1054	0	1054	1054	
4	4.25	2	3	2	3	4	4216	0	0	0	0	0	0	0	0	0	0	
4	4.25	2	4	1	3	4	4216	0	0	0	0	0	0	0	0	0	0	
4	4.25	2	5	3	3	4	4216	4	4216	0.0961786	0.0857375	0.0219286	0.170929	1054	0	1054	1054	
4.25	4.5	1	1	2	3	2	2108	0	0	0	0	0	0	0	0	0	0	
4.25	4.5	1	2	1	3	2	2108	4	4216	0.130429	0.067688	0.0639286	0.196929	1054	0	1054	1054	
4.25	4.5	2	3	2	3	2	2108	6	6324	0.162262	0.103521	0.0389286	0.285929	1054	0	1054	1054	
4.25	4.5	2	4	1	3	2	2108	2	2108	1.78843	0.0190919	1.77493	1.80193	1054	0	1054	1054	
4.25	4.5	2	5	3	3	2	2108	1	1054	0.120929	0	0.120929	0.120929	1054	0	1054	1054	
4.5	4.75	1	1	2	3	4	4216	4	4216	0.193179	0.0806324	0.120929	0.266929	1054	0	1054	1054	
4.5	4.75	1	2	1	3	4	4216	2	2108	0.0614286	0.0629325	0.0169286	0.105929	1054	0	1054	1054	
4.5	4.75	2	3	2	3	4	4216	3	3162	0.103262	0.0732416	0.0189286	0.150929	1054	0	1054	1054	
4.5	4.75	2	4	1	3	4	4216	6	6324	1.53293	0.549936	0.688929	1.96393	1054	0	1054	1054	
4.5	4.75	2	5	3	3	4	4216	2	2108	0.0209286	0.00141421	0.0199286	0.0219286	1054	0	1054	1054	
4.75	5	1	1	2	3	4	4216	4	4216	0.0644286	0.0506129	0.0179286	0.118929	1054	0	1054	1054	
4.75	5	1	2	1	3	4	4216	4	4216	0.204179	0.0811598	0.131929	0.276929	1054	0	1054	1054	
4.75	5	2	3	2	3	4	4216	5	5270	0.0631286	0.0414089	0.0169286	0.109929	1054	0	1054	1054	
4.75	5	2	4	1	3	4	4216	5	5270	0.384929	0.25216	0.124929	0.695929	1054	0	1054	1054	
4.75	5	2	5	3	3	4	4216	6	6324	0.0690952	0.0786217	0.0129286	0.170929	1054	0	1054	1054	
