% start	end	CellId	IMSI	RNTI	LCID	nTxPDUs	TxBytes	nRxPDUs	RxBytes	delay	stdDev	min	max	PduSize	stdDev	min	max
0	0.25	1	1	2	3	20	2150	20	2150	0.00471429	0	0.00471429	0.00471429	107.5	35.7351	65	137	
0	0.25	1	2	1	3	8	2126	8	2126	0.00471429	0	0.00471429	0.00471429	265.75	99.7021	19	301	
0	0.25	2	5	3	3	3	2116	3	2116	0.0257143	0	0.0257143	0.0257143	705.333	75.6329	618	749	
0.25	0.5	1	1	2	3	7	735	7	735	0.00471429	0	0.00471429	0.00471429	105	0	105	105	
0.25	0.5	1	2	1	3	28	4276	28	4276	0.00471429	0	0.00471429	0.00471429	152.714	41.9231	45	209	
0.25	0.5	2	3	2	3	77	5005	77	5005	0.00471429	0	0.00471429	0.00471429	65	0	65	65	
0.25	0.5	2	4	1	3	40	2480	40	2480	0.00471429	0	0.00471429	0.00471429	62	8.03837	41	65	
0.25	0.5	2	5	3	3	7	4234	7	4234	0.00471429	0	0.00471429	0.00471429	604.857	103.754	519	749	
0.5	0.75	2	3	2	3	24	3641	24	3641	0.00471429	0	0.00471429	0.00471429	151.708	53.6547	3	209	
0.5	0.75	2	4	1	3	40	3720	40	3720	0.00471429	0	0.00471429	0.00471429	93	9.92278	85	105	
0.5	0.75	2	5	3	3	3	2116	3	2116	0.00471429	0	0.00471429	0.00471429	705.333	75.6329	618	749	
0.75	1	1	2	1	3	37	2405	33	2145	0.00471429	0	0.00471429	0.00471429	65	0	65	65	
0.75	1	2	4	1	3	78	6786	78	6786	0.00471429	0	0.00471429	0.00471429	87	24.1446	13	137	
0.75	1	2	5	3	3	9	4238	9	4238	0.00471429	0	0.00471429	0.00471429	470.889	143.919	244	621	
1	1.25	1	1	2	3	40	1640	40	1640	0.00471429	0	0.00471429	0.00471429	41	0	41	41	
1	1.25	1	2	1	3	69	8365	73	8625	0.00471429	0	0.00471429	0.00471429	118.151	104.138	5	261	
1	1.25	2	3	2	3	70	7380	66	6768	0.00471429	0	0.00471429	0.00471429	102.545	80.853	15	209	
1	1.25	2	5	3	3	12	4244	12	4244	0.00646429	0.00316587	0.00471429	0.0117143	353.667	218.643	104	749	
1.25	1.5	1	1	2	3	9	585	9	585	0.00471429	0	0.00471429	0.00471429	65	0	65	65	
1.25	1.5	1	2	1	3	9	2128	9	2128	0.00471429	0	0.00471429	0.00471429	236.444	73.6667	40	261	
1.25	1.5	2	3	2	3	45	2617	49	3229	0.00471429	0	0.00471429	0.00471429	65.898	50.2229	26	153	
1.25	1.5	2	4	1	3	48	2928	48	2928	0.00471429	0	0.00471429	0.00471429	61	9.03892	41	65	
1.25	1.5	2	5	3	3	3	2116	3	2116	0.016381	0.00404145	0.0117143	0.0187143	705.333	75.6329	618	749	
1.5	1.75	1	1	2	3	106	10482	102	10318	0.00471429	0	0.00471429	0.00471429	101.157	78.5269	41	225	
1.5	1.75	1	2	1	3	34	2178	34	2178	0.00471429	0	0.00471429	0.00471429	64.0588	5.48795	33	65	
1.5	1.75	2	3	2	3	90	5191	90	5191	0.00471429	0	0.00471429	0.00471429	57.6778	52.699	26	389	
1.5	1.75	2	4	1	3	86	7582	86	7582	0.00471429	0	0.00471429	0.00471429	88.1628	21.2469	41	105	
1.5	1.75	2	5	3	3	12	4244	12	4244	0.00704762	0.00344656	0.00471429	0.0117143	353.667	232.882	201	749	
1.75	2	1	1	2	3	71	5995	71	5899	0.00471429	0	0.00471429	0.00471429	83.0845	43.6446	41	225	
1.75	2	1	2	1	3	55	6442	55	6442	0.00471429	0	0.00471429	0.00471429	117.127	76.4693	5	261	
1.75	2	2	3	2	3	3	123	3	123	0.00471429	0	0.00471429	0.00471429	41	0	41	41	
1.75	2	2	4	1	3	24	2476	24	2476	0.00471429	0	0.00471429	0.00471429	103.167	8.98146	61	105	
1.75	2	2	5	3	3	6	4234	2	1498	0.0117143	0	0.0117143	0.0117143	749	0	749	749	
2	2.25	1	1	2	3	7	2155	11	2415	0.00471429	0	0.00471429	0.00471429	219.545	166.048	33	389	
2	2.25	1	2	1	3	26	2162	26	2162	0.00471429	0	0.00471429	0.00471429	83.1538	9.41357	37	85	
2	2.25	2	3	2	3	41	6299	41	6299	0.00471429	0	0.00471429	0.00471429	153.634	4.06052	153	179	
2	2.25	2	4	1	3	37	2301	37	2301	0.00471429	0	0.00471429	0.00471429	62.1892	8.26585	33	65	
2	2.25	2	5	3	3	3	2116	6	4103	0.0117143	0	0.0117143	0.0117143	683.833	108.886	489	749	
2.25	2.5	1	1	2	3	76	3963	76	3963	0.00471429	0	0.00471429	0.00471429	52.1447	11.983	41	65	
2.25	2.5	1	2	1	3	26	4272	26	4272	0.00471429	0	0.00471429	0.00471429	164.308	87.8744	19	301	
2.25	2.5	2	3	2	3	33	4286	33	4286	0.00471429	0	0.00471429	0.00471429	129.879	48.3798	51	209	
2.25	2.5	2	5	3	3	7	4234	7	4234	0.00871429	0.00374166	0.00471429	0.0117143	604.857	165.785	255	749	
2.5	2.75	1	1	2	3	43	4717	43	4717	0.00471429	0	0.00471429	0.00471429	109.698	62.3414	39	209	
2.5	2.75	1	2	1	3	44	4308	44	4308	0.00471429	0	0.00471429	0.00471429	97.9091	15.6693	52	105	
2.5	2.75	2	3	2	3	6	156	6	156	0.00471429	0	0.00471429	0.00471429	26	0	26	26	
2.5	2.75	2	4	1	3	46	2684	46	2684	0.00471429	0	0.00471429	0.00471429	58.3478	13.9988	26	65	
2.5	2.75	2	5	3	3	10	4240	10	4240	0.0138143	0.00338132	0.0117143	0.0187143	424	197.752	270	749	
2.75	3	1	1	2	3	17	1785	17	1785	0.00471429	0	0.00471429	0.00471429	105	0	105	105	
2.75	3	1	2	1	3	21	2152	21	2152	0.00471429	0	0.00471429	0.00471429	102.476	11.5655	52	105	
2.75	3	2	3	2	3	72	6334	71	6308	0.00481288	0.000830747	0.00471429	0.0117143	88.8451	57.0037	26	153	
2.75	3	2	4	1	3	5	130	5	130	0.00471429	0	0.00471429	0.00471429	26	0	26	26	
2.75	3	2	5	3	3	5	2120	5	2120	0.00471429	0	0.00471429	0.00471429	424	100.623	244	469	
3	3.25	1	1	2	3	30	4085	26	3041	0.00471429	0	0.00471429	0.00471429	116.962	42.4042	104	261	
3	3.25	1	2	1	3	47	3055	43	2795	0.00471429	0	0.00471429	0.00471429	65	0	65	65	
3	3.25	2	3	2	3	47	4314	48	4340	0.00471429	0	0.00471429	0.00471429	90.4167	62.6523	26	209	
3	3.25	2	5	3	3	7	4234	7	4234	0.00471429	0	0.00471429	0.00471429	604.857	165.785	255	749	
3.25	3.5	1	1	2	3	3	562	7	1606	0.00471429	0	0.00471429	0.00471429	229.429	83.5301	40	261	
3.25	3.5	1	2	1	3	26	3423	30	3683	0.00471429	0	0.00471429	0.00471429	122.767	76.7646	54	261	
3.25	3.5	2	3	2	3	42	4304	42	4304	0.00471429	0	0.00471429	0.00471429	102.476	16.4632	57	153	
3.25	3.5	2	4	1	3	3	78	3	78	0.00471429	0	0.00471429	0.00471429	26	0	26	26	
3.25	3.5	2	5	3	3	8	4236	8	4236	0.00733929	0.00362284	0.00471429	0.0117143	529.5	188.84	357	749	
3.5	3.75	1	1	2	3	49	4320	49	4320	0.00471429	0	0.00471429	0.00471429	88.1633	33.6943	65	137	
3.5	3.75	1	2	1	3	66	4352	66	4352	0.00471429	0	0.00471429	0.00471429	65.9394	42.8998	33	209	
3.5	3.75	2	4	1	3	40	1640	40	1640	0.00471429	0	0.00471429	0.00471429	41	0	41	41	
3.5	3.75	2	5	3	3	3	2116	3	2116	0.0140476	0.00404145	0.0117143	0.0187143	705.333	75.6329	618	749	
3.75	4	1	2	1	3	40	1640	40	1640	0.00471429	0	0.00471429	0.00471429	41	0	41	41	
3.75	4	2	3	2	3	32	6396	32	6396	0.00471429	0	0.00471429	0.00471429	199.875	36.3005	42	209	
3.75	4	2	4	1	3	31	2456	28	2201	0.00471429	0	0.00471429	0.00471429	78.6071	18.5619	26	85	
3.75	4	2	5	3	3	6	4232	6	4232	0.00471429	0	0.00471429	0.00471429	705.333	67.6481	618	749	
4	4.25	1	1	2	3	65	10686	65	10686	0.00471429	0	0.00471429	0.00471429	164.4	106.009	105	549	
4	4.25	1	2	1	3	64	4900	64	4900	0.00471429	0	0.00471429	0.00471429	76.5625	46.3848	41	137	
4	4.25	2	3	2	3	17	1033	17	1033	0.00471429	0	0.00471429	0.00471429	60.7647	9.43086	41	65	
4	4.25	2	4	1	3	3	255	6	510	0.00471429	0	0.00471429	0.00471429	85	0	85	85	
4	4.25	2	5	3	3	6	4234	6	4234	0.00938095	0.00361478	0.00471429	0.0117143	705.667	106.145	489	749	
4.25	4.5	1	2	1	3	68	4358	68	4358	0.00471429	0	0.00471429	0.00471429	64.0882	7.5186	3	65	
4.25	4.5	2	3	2	3	87	5509	87	5509	0.00471429	0	0.00471429	0.00471429	63.3218	11.5492	15	137	
4.25	4.5	2	4	1	3	40	1640	40	1640	0.00471429	0	0.00471429	0.00471429	41	0	41	41	
4.25	4.5	2	5	3	3	3	2116	2	1367	0.0117143	0	0.0117143	0.0117143	683.5	92.631	618	749	
4.5	4.75	1	1	2	3	54	5344	50	5180	0.00471429	0	0.00471429	0.00471429	103.6	71.2481	41	225	
4.5	4.75	1	2	1	3	15	2140	15	2140	0.00471429	0	0.00471429	0.00471429	142.667	57.9996	46	209	
4.5	4.75	2	3	2	3	41	4245	41	4245	0.00471429	0	0.00471429	0.00471429	103.537	20.6266	26	153	
4.5	4.75	2	4	1	3	105	7173	101	6561	0.00471429	0	0.00471429	0.00471429	64.9604	44.0781	41	153	
4.5	4.75	2	5	3	3	4	2118	4	2118	0.0117143	0	0.0117143	0.0117143	529.5	183	255	621	
4.75	5	1	1	2	3	32	3270	36	3434	0.00549206	0.00223109	0.00471429	0.0117143	95.3889	55.8668	41	153	
4.75	5	1	2	1	3	19	4260	19	4260	0.00471429	0	0.00471429	0.00471429	224.211	3.44124	210	225	
4.75	5	2	3	2	3	34	4343	34	4343	0.00471429	0	0.00471429	0.00471429	127.735	81.1397	18	209	
4.75	5	2	4	1	3	43	4519	47	5131	0.00471429	0	0.00471429	0.00471429	109.17	33.3723	33	153	
4.75	5	2	5	3	3	9	6350	9	6350	0.00938095	0.0035	0.00471429	0.0117143	705.556	92.0423	489	749	
