% time	cellId	IMSI	RNTI	layer	mcs	size	rv	ndi	correct	ccId
171	1	2	1	0	12	301	0	1	1	0
171	1	1	2	0	2	65	0	1	1	0
171	2	5	3	0	28	749	0	1	0	0
172	1	2	1	0	12	301	0	1	1	0
172	1	1	2	0	2	65	0	1	1	0
172	2	5	3	0	28	749	0	1	0	0
173	1	2	1	0	12	301	0	1	1	0
173	1	1	2	0	2	65	0	1	1	0
173	2	5	3	0	28	749	0	1	0	0
174	1	2	1	0	12	301	0	1	1	0
174	1	1	2	0	2	65	0	1	1	0
175	1	2	1	0	12	301	0	1	1	0
175	1	1	2	0	2	65	0	1	1	0
176	1	2	1	0	12	301	0	1	1	0
176	1	1	2	0	2	65	0	1	1	0
177	1	2	1	0	12	301	0	1	1	0
177	1	1	2	0	2	65	0	1	1	0
178	1	2	1	0	12	301	0	1	1	0
178	1	1	2	0	2	65	0	1	1	0
178	2	5	3	0	28	749	1	0	0	0
179	1	1	2	0	2	137	0	1	1	0
179	2	5	3	0	28	749	1	0	0	0
180	1	1	2	0	2	137	0	1	1	0
180	2	5	3	0	28	749	1	0	0	0
181	1	1	2	0	2	137	0	1	1	0
182	1	1	2	0	2	137	0	1	1	0
183	1	1	2	0	2	137	0	1	1	0
184	1	1	2	0	2	137	0	1	1	0
185	1	1	2	0	2	137	0	1	1	0
185	2	5	3	0	28	749	2	0	0	0
186	1	1	2	0	2	137	0	1	1	0
186	2	5	3	0	28	749	2	0	0	0
187	1	1	2	0	2	137	0	1	1	0
187	2	5	3	0	28	749	2	0	0	0
188	1	1	2	0	2	137	0	1	1	0
189	1	1	2	0	2	137	0	1	1	0
190	1	1	2	0	2	137	0	1	1	0
192	2	5	3	0	28	749	3	0	1	0
193	2	5	3	0	28	749	3	0	1	0
194	2	5	3	0	28	749	3	0	1	0
287	2	4	1	0	2	65	0	1	1	0
288	2	4	1	0	2	65	0	1	1	0
289	2	4	1	0	2	65	0	1	1	0
290	2	4	1	0	2	65	0	1	1	0
291	2	4	1	0	2	65	0	1	1	0
292	2	4	1	0	2	65	0	1	1	0
293	2	4	1	0	2	65	0	1	1	0
294	2	4	1	0	2	65	0	1	1	0
295	2	4	1	0	2	65	0	1	1	0
296	2	4	1	0	2	65	0	1	1	0
297	2	4	1	0	2	65	0	1	1	0
298	2	4	1	0	2	65	0	1	1	0
299	2	4	1	0	2	65	0	1	1	0
300	2	4	1	0	2	65	0	1	1	0
301	2	4	1	0	2	65	0	1	1	0
302	2	4	1	0	2	65	0	1	1	0
303	2	4	1	0	2	65	0	1	1	0
304	2	4	1	0	2	65	0	1	1	0
305	2	4	1	0	2	65	0	1	1	0
306	2	4	1	0	2	65	0	1	1	0
307	2	4	1	0	2	65	0	1	1	0
308	2	4	1	0	2	65	0	1	1	0
309	2	4	1	0	2	65	0	1	1	0
310	2	4	1	0	2	65	0	1	1	0
311	2	4	1	0	2	65	0	1	1	0
312	2	4	1	0	2	65	0	1	1	0
313	2	4	1	0	2	65	0	1	1	0
314	2	4	1	0	2	65	0	1	1	0
315	2	4	1	0	2	65	0	1	1	0
316	2	4	1	0	2	65	0	1	1	0
317	2	4	1	0	2	65	0	1	1	0
318	2	4	1	0	2	65	0	1	1	0
319	2	4	1	0	2	65	0	1	1	0
320	2	4	1	0	2	65	0	1	1	0
321	1	2	1	0	4	105	0	1	1	0
321	2	4	1	0	2	41	0	1	1	0
321	2	5	3	0	24	533	0	1	1	0
322	1	2	1	0	4	105	0	1	1	0
322	2	4	1	0	2	41	0	1	1	0
322	2	5	3	0	24	533	0	1	0	0
323	1	2	1	0	4	105	0	1	1	0
323	2	4	1	0	2	41	0	1	1	0
323	2	5	3	0	24	533	0	1	1	0
324	1	2	1	0	4	105	0	1	1	0
324	2	4	1	0	2	41	0	1	1	0
324	2	5	3	0	24	533	0	1	1	0
325	1	2	1	0	4	105	0	1	1	0
325	2	4	1	0	2	41	0	1	1	0
325	2	5	3	0	24	533	0	1	0	0
326	1	2	1	0	4	105	0	1	1	0
326	2	4	1	0	2	65	0	1	1	0
327	1	2	1	0	8	209	0	1	1	0
328	1	2	1	0	8	209	0	1	1	0
328	1	1	2	0	4	105	0	1	1	0
329	1	2	1	0	8	209	0	1	1	0
329	1	1	2	0	4	105	0	1	1	0
330	1	2	1	0	8	209	0	1	1	0
330	1	1	2	0	4	105	0	1	1	0
331	1	2	1	0	8	209	0	1	1	0
331	1	1	2	0	4	105	0	1	1	0
332	1	2	1	0	8	209	0	1	1	0
332	1	1	2	0	4	105	0	1	1	0
333	1	2	1	0	8	209	0	1	1	0
333	1	1	2	0	4	105	0	1	1	0
334	1	2	1	0	8	209	0	1	1	0
334	1	1	2	0	4	105	0	1	1	0
342	2	5	3	0	28	749	0	1	1	0
408	2	3	2	0	2	65	0	1	1	0
409	2	3	2	0	2	65	0	1	1	0
410	2	3	2	0	2	65	0	1	1	0
411	2	3	2	0	2	65	0	1	1	0
412	2	3	2	0	2	65	0	1	1	0
413	2	3	2	0	2	65	0	1	1	0
414	2	3	2	0	2	65	0	1	1	0
415	2	3	2	0	2	65	0	1	1	0
416	2	3	2	0	2	65	0	1	1	0
417	2	3	2	0	2	65	0	1	1	0
418	2	3	2	0	2	65	0	1	1	0
419	2	3	2	0	2	65	0	1	1	0
420	2	3	2	0	2	65	0	1	1	0
421	2	3	2	0	2	65	0	1	1	0
422	2	3	2	0	2	65	0	1	1	0
423	2	3	2	0	2	65	0	1	1	0
424	2	3	2	0	2	65	0	1	1	0
425	2	3	2	0	2	65	0	1	1	0
426	2	3	2	0	2	65	0	1	1	0
427	2	3	2	0	2	65	0	1	1	0
428	2	3	2	0	2	65	0	1	1	0
429	2	3	2	0	2	65	0	1	1	0
430	2	3	2	0	2	65	0	1	1	0
431	2	3	2	0	2	65	0	1	1	0
432	2	3	2	0	2	65	0	1	1	0
433	2	3	2	0	2	65	0	1	1	0
434	2	3	2	0	2	65	0	1	1	0
435	2	3	2	0	2	65	0	1	1	0
436	2	3	2	0	2	65	0	1	1	0
437	2	3	2	0	2	65	0	1	1	0
438	2	3	2	0	2	65	0	1	1	0
439	2	3	2	0	2	65	0	1	1	0
440	2	3	2	0	2	65	0	1	1	0
441	2	3	2	0	2	65	0	1	1	0
442	2	3	2	0	2	65	0	1	1	0
443	2	3	2	0	2	65	0	1	1	0
444	2	3	2	0	2	65	0	1	1	0
445	2	3	2	0	2	65	0	1	1	0
446	2	3	2	0	2	65	0	1	1	0
447	2	3	2	0	2	65	0	1	1	0
448	2	3	2	0	2	65	0	1	1	0
449	2	3	2	0	2	65	0	1	1	0
450	2	3	2	0	2	65	0	1	1	0
451	2	3	2	0	2	65	0	1	1	0
452	2	3	2	0	2	65	0	1	1	0
453	2	3	2	0	2	65	0	1	1	0
454	2	3	2	0	2	65	0	1	1	0
455	2	3	2	0	2	65	0	1	1	0
456	2	3	2	0	2	65	0	1	1	0
457	2	3	2	0	2	65	0	1	1	0
458	2	3	2	0	2	65	0	1	1	0
459	2	3	2	0	2	65	0	1	1	0
460	2	3	2	0	2	65	0	1	1	0
461	2	3	2	0	2	65	0	1	1	0
462	2	3	2	0	2	65	0	1	1	0
463	2	3	2	0	2	65	0	1	1	0
464	2	3	2	0	2	65	0	1	1	0
465	2	3	2	0	2	65	0	1	1	0
466	2	3	2	0	2	65	0	1	1	0
467	2	3	2	0	2	65	0	1	1	0
468	2	3	2	0	2	65	0	1	1	0
469	2	3	2	0	2	65	0	1	1	0
470	2	3	2	0	2	65	0	1	1	0
471	1	2	1	0	6	153	0	1	1	0
471	2	5	3	0	28	749	0	1	1	0
472	1	2	1	0	6	153	0	1	1	0
472	2	5	3	0	28	749	0	1	1	0
473	1	2	1	0	6	153	0	1	1	0
473	2	5	3	0	28	749	0	1	1	0
474	1	2	1	0	6	153	0	1	1	0
474	2	3	2	0	2	65	0	1	1	0
475	1	2	1	0	6	153	0	1	1	0
475	2	3	2	0	2	65	0	1	1	0
476	1	2	1	0	6	153	0	1	1	0
476	2	3	2	0	2	65	0	1	1	0
477	1	2	1	0	6	153	0	1	1	0
477	2	3	2	0	2	65	0	1	1	0
478	1	2	1	0	6	153	0	1	1	0
478	2	3	2	0	2	65	0	1	1	0
479	1	2	1	0	6	153	0	1	1	0
479	2	3	2	0	2	65	0	1	1	0
480	1	2	1	0	6	153	0	1	1	0
480	2	3	2	0	2	65	0	1	1	0
481	1	2	1	0	6	153	0	1	1	0
481	2	3	2	0	2	65	0	1	1	0
482	1	2	1	0	6	153	0	1	1	0
482	2	3	2	0	2	65	0	1	1	0
483	1	2	1	0	6	153	0	1	1	0
483	2	3	2	0	2	65	0	1	1	0
484	1	2	1	0	6	153	0	1	1	0
484	2	3	2	0	2	65	0	1	1	0
485	2	3	2	0	2	65	0	1	1	0
486	2	3	2	0	2	65	0	1	1	0
487	2	3	2	0	2	65	0	1	1	0
527	2	4	1	0	4	105	0	1	1	0
528	2	4	1	0	4	105	0	1	1	0
528	2	3	2	0	8	209	0	1	1	0
529	2	4	1	0	4	105	0	1	1	0
529	2	3	2	0	8	209	0	1	1	0
530	2	4	1	0	4	105	0	1	1	0
530	2	3	2	0	8	209	0	1	1	0
531	2	4	1	0	4	105	0	1	1	0
531	2	3	2	0	8	209	0	1	1	0
532	2	4	1	0	4	105	0	1	1	0
532	2	3	2	0	8	209	0	1	1	0
533	2	4	1	0	4	105	0	1	1	0
533	2	3	2	0	8	209	0	1	1	0
534	2	4	1	0	4	105	0	1	1	0
534	2	3	2	0	8	209	0	1	1	0
535	2	4	1	0	4	105	0	1	1	0
535	2	3	2	0	8	209	0	1	1	0
536	2	4	1	0	4	105	0	1	1	0
536	2	3	2	0	8	209	0	1	0	0
537	2	4	1	0	4	105	0	1	1	0
537	2	3	2	0	8	209	0	1	0	0
538	2	4	1	0	4	105	0	1	1	0
538	2	3	2	0	8	209	0	1	0	0
539	2	4	1	0	4	105	0	1	1	0
539	2	3	2	0	8	209	0	1	0	0
540	2	4	1	0	4	105	0	1	1	0
540	2	3	2	0	8	209	0	1	0	0
541	2	4	1	0	4	105	0	1	1	0
541	2	3	2	0	8	209	0	1	0	0
542	2	4	1	0	4	105	0	1	1	0
542	2	3	2	0	8	209	0	1	0	0
543	2	4	1	0	0	85	0	1	1	0
544	2	4	1	0	0	85	0	1	1	0
545	2	4	1	0	0	85	0	1	1	0
546	2	4	1	0	0	85	0	1	1	0
547	2	4	1	0	0	85	0	1	1	0
548	2	4	1	0	0	85	0	1	1	0
549	2	4	1	0	0	85	0	1	1	0
550	2	4	1	0	0	85	0	1	1	0
551	2	4	1	0	0	85	0	1	1	0
552	2	4	1	0	0	85	0	1	1	0
553	2	4	1	0	0	85	0	1	1	0
554	2	4	1	0	0	85	0	1	1	0
555	2	4	1	0	0	85	0	1	1	0
556	2	4	1	0	0	85	0	1	1	0
557	2	4	1	0	0	85	0	1	1	0
558	2	4	1	0	0	85	0	1	1	0
559	2	4	1	0	0	85	0	1	1	0
560	2	4	1	0	0	85	0	1	1	0
561	2	4	1	0	0	85	0	1	1	0
562	2	4	1	0	0	85	0	1	1	0
563	2	4	1	0	0	85	0	1	1	0
564	2	4	1	0	0	85	0	1	1	0
565	2	4	1	0	0	85	0	1	1	0
566	2	4	1	0	0	85	0	1	1	0
621	2	3	2	0	6	101	0	1	1	0
621	2	5	3	0	28	749	0	1	1	0
622	2	3	2	0	6	101	0	1	1	0
622	2	5	3	0	28	749	0	1	1	0
623	2	3	2	0	6	101	0	1	1	0
623	2	5	3	0	28	749	0	1	1	0
624	2	3	2	0	6	153	0	1	1	0
625	2	3	2	0	6	153	0	1	1	0
626	2	3	2	0	6	153	0	1	1	0
627	2	3	2	0	6	153	0	1	1	0
628	2	3	2	0	6	153	0	1	1	0
629	2	3	2	0	6	153	0	1	1	0
630	2	3	2	0	6	153	0	1	1	0
631	2	3	2	0	6	153	0	1	1	0
632	2	3	2	0	6	153	0	1	1	0
633	2	3	2	0	6	153	0	1	1	0
634	2	3	2	0	6	153	0	1	1	0
635	2	3	2	0	6	153	0	1	1	0
636	2	3	2	0	6	153	0	1	1	0
771	2	5	3	0	22	469	0	1	1	0
772	2	5	3	0	22	469	0	1	1	0
773	2	5	3	0	22	469	0	1	1	0
774	2	5	3	0	22	469	0	1	1	0
792	2	5	3	0	22	469	0	1	1	0
887	2	4	1	0	2	65	0	1	1	0
888	2	4	1	0	2	65	0	1	1	0
889	2	4	1	0	2	65	0	1	1	0
890	2	4	1	0	2	65	0	1	1	0
891	2	4	1	0	2	65	0	1	1	0
892	2	4	1	0	2	65	0	1	1	0
893	2	4	1	0	2	65	0	1	1	0
894	2	4	1	0	2	65	0	1	1	0
895	2	4	1	0	2	65	0	1	1	0
896	2	4	1	0	2	65	0	1	1	0
897	2	4	1	0	2	65	0	1	1	0
898	2	4	1	0	2	65	0	1	1	0
899	2	4	1	0	2	65	0	1	1	0
900	2	4	1	0	2	65	0	1	1	0
901	2	4	1	0	2	65	0	1	1	0
902	2	4	1	0	2	65	0	1	1	0
903	2	4	1	0	2	65	0	1	1	0
904	2	4	1	0	2	65	0	1	1	0
905	2	4	1	0	2	65	0	1	1	0
906	2	4	1	0	2	65	0	1	1	0
907	2	4	1	0	2	65	0	1	1	0
908	2	4	1	0	2	65	0	1	1	0
909	2	4	1	0	2	65	0	1	1	0
910	2	4	1	0	2	65	0	1	1	0
911	2	4	1	0	2	65	0	1	1	0
912	2	4	1	0	2	65	0	1	1	0
913	2	4	1	0	2	65	0	1	1	0
914	2	4	1	0	2	65	0	1	1	0
915	2	4	1	0	2	65	0	1	1	0
916	2	4	1	0	2	65	0	1	1	0
917	2	4	1	0	2	65	0	1	1	0
918	2	4	1	0	2	65	0	1	1	0
919	2	4	1	0	2	65	0	1	1	0
920	2	4	1	0	2	65	0	1	1	0
921	2	4	1	0	8	137	0	1	1	0
921	2	5	3	0	26	621	0	1	1	0
922	2	4	1	0	8	137	0	1	1	0
922	2	5	3	0	26	621	0	1	1	0
923	2	4	1	0	8	137	0	1	1	0
923	2	5	3	0	26	621	0	1	1	0
924	2	4	1	0	8	137	0	1	1	0
924	2	5	3	0	26	621	0	1	1	0
925	2	4	1	0	2	65	0	1	1	0
926	2	4	1	0	2	65	0	1	1	0
927	2	4	1	0	4	105	0	1	1	0
928	2	4	1	0	4	105	0	1	1	0
929	2	4	1	0	4	105	0	1	1	0
930	2	4	1	0	4	105	0	1	1	0
931	2	4	1	0	4	105	0	1	1	0
932	2	4	1	0	4	105	0	1	1	0
933	2	4	1	0	4	105	0	1	1	0
934	2	4	1	0	4	105	0	1	1	0
935	2	4	1	0	4	105	0	1	1	0
936	2	4	1	0	4	105	0	1	1	0
937	2	4	1	0	4	105	0	1	1	0
938	2	4	1	0	4	105	0	1	1	0
939	2	4	1	0	4	105	0	1	1	0
940	2	4	1	0	4	105	0	1	1	0
941	2	4	1	0	4	105	0	1	1	0
942	2	4	1	0	4	105	0	1	1	0
943	2	4	1	0	4	105	0	1	1	0
944	2	4	1	0	4	105	0	1	1	0
945	2	4	1	0	4	105	0	1	1	0
946	2	4	1	0	4	105	0	1	1	0
947	2	4	1	0	4	105	0	1	1	0
948	2	4	1	0	4	105	0	1	1	0
949	2	4	1	0	4	105	0	1	1	0
950	2	4	1	0	4	105	0	1	1	0
951	2	4	1	0	4	105	0	1	1	0
952	2	4	1	0	4	105	0	1	1	0
953	2	4	1	0	4	105	0	1	1	0
954	2	4	1	0	4	105	0	1	1	0
955	2	4	1	0	4	105	0	1	1	0
956	2	4	1	0	4	105	0	1	1	0
957	2	4	1	0	4	105	0	1	1	0
958	2	4	1	0	4	105	0	1	1	0
959	2	4	1	0	4	105	0	1	1	0
960	2	4	1	0	4	105	0	1	1	0
961	2	4	1	0	4	105	0	1	1	0
962	2	4	1	0	4	105	0	1	1	0
963	2	4	1	0	4	105	0	1	1	0
964	2	4	1	0	4	105	0	1	1	0
967	1	2	1	0	2	65	0	1	1	0
968	1	2	1	0	2	65	0	1	1	0
969	1	2	1	0	2	65	0	1	1	0
970	1	2	1	0	2	65	0	1	1	0
971	1	2	1	0	2	65	0	1	1	0
972	1	2	1	0	2	65	0	1	1	0
973	1	2	1	0	2	65	0	1	1	0
974	1	2	1	0	2	65	0	1	1	0
975	1	2	1	0	2	65	0	1	1	0
976	1	2	1	0	2	65	0	1	1	0
977	1	2	1	0	2	65	0	1	1	0
978	1	2	1	0	2	65	0	1	1	0
979	1	2	1	0	2	65	0	1	1	0
980	1	2	1	0	2	65	0	1	1	0
981	1	2	1	0	2	65	0	1	1	0
982	1	2	1	0	2	65	0	1	1	0
983	1	2	1	0	2	65	0	1	1	0
984	1	2	1	0	2	65	0	1	1	0
985	1	2	1	0	2	65	0	1	1	0
986	1	2	1	0	2	65	0	1	1	0
987	1	2	1	0	2	65	0	1	1	0
988	1	2	1	0	2	65	0	1	1	0
989	1	2	1	0	2	65	0	1	1	0
990	1	2	1	0	2	65	0	1	1	0
991	1	2	1	0	2	65	0	1	1	0
992	1	2	1	0	2	65	0	1	1	0
993	1	2	1	0	2	65	0	1	1	0
994	1	2	1	0	2	65	0	1	1	0
995	1	2	1	0	2	65	0	1	1	0
996	1	2	1	0	2	65	0	1	1	0
997	1	2	1	0	2	65	0	1	1	0
998	1	2	1	0	2	65	0	1	1	0
999	1	2	1	0	2	65	0	1	1	0
1000	1	2	1	0	2	65	0	1	1	0
1001	1	2	1	0	2	65	0	1	1	0
1002	1	2	1	0	2	65	0	1	1	0
1003	1	2	1	0	2	65	0	1	1	0
1004	1	2	1	0	2	65	0	1	1	0
1005	1	2	1	0	2	65	0	1	1	0
1006	1	2	1	0	2	65	0	1	1	0
1007	1	2	1	0	0	41	0	1	1	0
1008	1	2	1	0	0	41	0	1	1	0
1008	2	3	2	0	0	41	0	1	1	0
1009	1	2	1	0	0	41	0	1	1	0
1009	2	3	2	0	0	41	0	1	1	0
1010	1	2	1	0	0	41	0	1	1	0
1010	2	3	2	0	0	41	0	1	1	0
1011	1	2	1	0	0	41	0	1	1	0
1011	2	3	2	0	0	41	0	1	1	0
1012	1	2	1	0	0	41	0	1	1	0
1012	2	3	2	0	0	41	0	1	1	0
1013	1	2	1	0	0	41	0	1	1	0
1013	2	3	2	0	0	41	0	1	1	0
1014	1	2	1	0	0	41	0	1	1	0
1014	2	3	2	0	0	41	0	1	1	0
1015	1	2	1	0	0	41	0	1	1	0
1015	2	3	2	0	0	41	0	1	1	0
1016	1	2	1	0	0	41	0	1	1	0
1016	2	3	2	0	0	41	0	1	1	0
1017	1	2	1	0	0	41	0	1	1	0
1017	2	3	2	0	0	41	0	1	1	0
1018	1	2	1	0	0	41	0	1	1	0
1018	2	3	2	0	0	41	0	1	1	0
1019	1	2	1	0	0	41	0	1	1	0
1019	2	3	2	0	0	41	0	1	1	0
1020	1	2	1	0	0	41	0	1	1	0
1020	2	3	2	0	0	41	0	1	1	0
1021	1	2	1	0	0	41	0	1	1	0
1021	2	3	2	0	0	41	0	1	1	0
1022	1	2	1	0	0	41	0	1	1	0
1022	2	3	2	0	0	41	0	1	1	0
1023	1	2	1	0	0	41	0	1	1	0
1023	2	3	2	0	0	41	0	1	1	0
1024	1	2	1	0	0	41	0	1	1	0
1024	2	3	2	0	0	41	0	1	1	0
1025	1	2	1	0	0	41	0	1	1	0
1025	2	3	2	0	0	41	0	1	1	0
1026	1	2	1	0	0	41	0	1	1	0
1026	2	3	2	0	0	41	0	1	1	0
1027	1	2	1	0	0	41	0	1	1	0
1027	2	3	2	0	0	41	0	1	1	0
1028	1	2	1	0	0	41	0	1	1	0
1028	2	3	2	0	0	41	0	1	1	0
1029	1	2	1	0	0	41	0	1	1	0
1029	2	3	2	0	0	41	0	1	1	0
1030	1	2	1	0	0	41	0	1	1	0
1030	2	3	2	0	0	41	0	1	1	0
1031	1	2	1	0	0	41	0	1	1	0
1031	2	3	2	0	0	41	0	1	1	0
1032	1	2	1	0	0	41	0	1	1	0
1032	2	3	2	0	0	41	0	1	1	0
1033	1	2	1	0	0	41	0	1	1	0
1033	2	3	2	0	0	41	0	1	1	0
1034	1	2	1	0	0	41	0	1	1	0
1034	2	3	2	0	0	41	0	1	1	0
1035	1	2	1	0	0	41	0	1	1	0
1035	2	3	2	0	0	41	0	1	1	0
1036	1	2	1	0	0	41	0	1	1	0
1036	2	3	2	0	0	41	0	1	1	0
1037	1	2	1	0	0	41	0	1	1	0
1037	2	3	2	0	0	41	0	1	1	0
1038	1	2	1	0	0	41	0	1	1	0
1038	2	3	2	0	0	41	0	1	1	0
1039	1	2	1	0	0	41	0	1	1	0
1039	2	3	2	0	0	41	0	1	1	0
1040	1	2	1	0	0	41	0	1	1	0
1040	2	3	2	0	0	41	0	1	1	0
1041	1	2	1	0	0	41	0	1	1	0
1041	2	3	2	0	0	41	0	1	1	0
1042	1	2	1	0	0	41	0	1	1	0
1042	2	3	2	0	0	41	0	1	1	0
1043	1	2	1	0	0	41	0	1	1	0
1043	2	3	2	0	0	41	0	1	1	0
1044	1	2	1	0	0	41	0	1	1	0
1044	2	3	2	0	0	41	0	1	1	0
1045	1	2	1	0	0	41	0	1	1	0
1045	2	3	2	0	0	41	0	1	1	0
1046	1	2	1	0	0	41	0	1	1	0
1046	2	3	2	0	0	41	0	1	1	0
1047	2	3	2	0	0	41	0	1	1	0
1071	2	5	3	0	28	749	0	1	1	0
1072	2	5	3	0	28	749	0	1	1	0
1073	2	5	3	0	28	749	0	1	1	0
1088	2	3	2	0	8	209	0	1	1	0
1089	2	3	2	0	8	209	0	1	1	0
1090	2	3	2	0	8	209	0	1	1	0
1091	2	3	2	0	8	209	0	1	1	0
1092	2	3	2	0	8	209	0	1	1	0
1093	2	3	2	0	8	209	0	1	1	0
1094	2	3	2	0	8	209	0	1	1	0
1095	2	3	2	0	8	209	0	1	1	0
1096	2	3	2	0	8	209	0	1	1	0
1097	2	3	2	0	8	209	0	1	1	0
1098	2	3	2	0	8	209	0	1	1	0
1099	2	3	2	0	8	209	0	1	1	0
1100	2	3	2	0	8	209	0	1	1	0
1101	2	3	2	0	8	209	0	1	1	0
1102	2	3	2	0	8	209	0	1	1	0
1103	2	3	2	0	8	209	0	1	1	0
1104	2	3	2	0	8	209	0	1	1	0
1105	2	3	2	0	8	209	0	1	1	0
1106	2	3	2	0	8	209	0	1	1	0
1107	2	3	2	0	8	209	0	1	1	0
1108	2	3	2	0	8	209	0	1	1	0
1109	2	3	2	0	8	209	0	1	1	0
1110	2	3	2	0	8	209	0	1	1	0
1111	2	3	2	0	8	209	0	1	1	0
1168	1	1	2	0	0	41	0	1	1	0
1169	1	1	2	0	0	41	0	1	1	0
1170	1	1	2	0	0	41	0	1	1	0
1171	1	1	2	0	0	41	0	1	1	0
1172	1	1	2	0	0	41	0	1	1	0
1173	1	1	2	0	0	41	0	1	1	0
1174	1	1	2	0	0	41	0	1	1	0
1175	1	1	2	0	0	41	0	1	1	0
1176	1	1	2	0	0	41	0	1	1	0
1177	1	1	2	0	0	41	0	1	1	0
1178	1	1	2	0	0	41	0	1	1	0
1179	1	1	2	0	0	41	0	1	1	0
1180	1	1	2	0	0	41	0	1	1	0
1181	1	1	2	0	0	41	0	1	1	0
1182	1	1	2	0	0	41	0	1	1	0
1183	1	1	2	0	0	41	0	1	1	0
1184	1	1	2	0	0	41	0	1	1	0
1185	1	1	2	0	0	41	0	1	1	0
1186	1	1	2	0	0	41	0	1	1	0
1187	1	1	2	0	0	41	0	1	1	0
1188	1	1	2	0	0	41	0	1	1	0
1189	1	1	2	0	0	41	0	1	1	0
1190	1	1	2	0	0	41	0	1	1	0
1191	1	1	2	0	0	41	0	1	1	0
1192	1	1	2	0	0	41	0	1	1	0
1193	1	1	2	0	0	41	0	1	1	0
1194	1	1	2	0	0	41	0	1	1	0
1195	1	1	2	0	0	41	0	1	1	0
1196	1	1	2	0	0	41	0	1	1	0
1197	1	1	2	0	0	41	0	1	1	0
1198	1	1	2	0	0	41	0	1	1	0
1199	1	1	2	0	0	41	0	1	1	0
1200	1	1	2	0	0	41	0	1	1	0
1201	1	1	2	0	0	41	0	1	1	0
1202	1	1	2	0	0	41	0	1	1	0
1203	1	1	2	0	0	41	0	1	1	0
1204	1	1	2	0	0	41	0	1	1	0
1205	1	1	2	0	0	41	0	1	1	0
1206	1	1	2	0	0	41	0	1	1	0
1207	1	2	1	0	10	261	0	1	1	0
1207	1	1	2	0	0	41	0	1	1	0
1208	1	2	1	0	10	261	0	1	1	0
1210	1	2	1	0	10	261	0	1	1	0
1211	1	2	1	0	10	261	0	1	1	0
1216	1	2	1	0	10	261	0	1	1	0
1217	1	2	1	0	10	261	0	1	1	0
1218	1	2	1	0	10	261	0	1	1	0
1219	1	2	1	0	10	261	0	1	1	0
1221	1	2	1	0	10	261	0	1	1	0
1221	2	5	3	0	14	253	0	1	0	0
1222	1	2	1	0	10	261	0	1	1	0
1222	2	5	3	0	14	253	0	1	1	0
1223	1	2	1	0	10	261	0	1	1	0
1223	2	5	3	0	14	253	0	1	0	0
1224	2	5	3	0	14	253	0	1	1	0
1225	1	2	1	0	10	261	0	1	1	0
1225	2	5	3	0	14	253	0	1	0	0
1226	2	5	3	0	14	253	0	1	1	0
1227	1	2	1	0	10	261	0	1	1	0
1227	2	5	3	0	14	253	0	1	1	0
1228	1	2	1	0	10	261	0	1	1	0
1228	2	5	3	0	14	253	1	0	1	0
1229	1	2	1	0	10	261	0	1	1	0
1229	2	5	3	0	14	253	0	1	1	0
1230	1	2	1	0	10	261	0	1	1	0
1230	2	5	3	0	14	253	1	0	1	0
1231	1	2	1	0	10	261	0	1	1	0
1231	2	5	3	0	14	253	0	1	1	0
1232	1	2	1	0	10	261	0	1	1	0
1232	2	5	3	0	14	253	1	0	1	0
1233	1	2	1	0	10	261	0	1	1	0
1234	1	2	1	0	10	261	0	1	1	0
1235	1	2	1	0	10	261	0	1	1	0
1236	1	2	1	0	10	261	0	1	1	0
1237	1	2	1	0	10	261	0	1	1	0
1238	1	2	1	0	10	261	0	1	1	0
1239	1	2	1	0	10	261	0	1	1	0
1240	1	2	1	0	10	261	0	1	1	0
1248	2	3	2	0	6	153	0	1	1	0
1249	2	3	2	0	6	153	0	1	1	0
1250	2	3	2	0	6	153	0	1	1	0
1251	2	3	2	0	6	153	0	1	1	0
1252	2	3	2	0	6	153	0	1	1	0
1253	2	3	2	0	6	153	0	1	1	0
1254	2	3	2	0	6	153	0	1	1	0
1255	2	3	2	0	6	153	0	1	1	0
1256	2	3	2	0	6	153	0	1	1	0
1257	2	3	2	0	6	153	0	1	1	0
1258	2	3	2	0	6	153	0	1	1	0
1259	2	3	2	0	6	153	0	1	1	0
1260	2	3	2	0	6	153	0	1	1	0
1261	2	3	2	0	6	153	0	1	1	0
1371	1	2	1	0	10	261	0	1	1	0
1371	1	1	2	0	2	65	0	1	1	0
1371	2	4	1	0	2	41	0	1	1	0
1371	2	3	2	0	0	26	0	1	1	0
1371	2	5	3	0	28	749	0	1	0	0
1372	1	2	1	0	10	261	0	1	1	0
1372	1	1	2	0	2	65	0	1	1	0
1372	2	4	1	0	2	41	0	1	1	0
1372	2	3	2	0	0	26	0	1	1	0
1372	2	5	3	0	28	749	0	1	0	0
1373	1	2	1	0	10	261	0	1	1	0
1373	1	1	2	0	2	65	0	1	1	0
1373	2	4	1	0	2	41	0	1	1	0
1373	2	3	2	0	0	26	0	1	1	0
1373	2	5	3	0	28	749	0	1	0	0
1374	1	2	1	0	10	261	0	1	1	0
1374	1	1	2	0	2	65	0	1	1	0
1374	2	3	2	0	0	41	0	1	1	0
1375	1	2	1	0	10	261	0	1	1	0
1375	1	1	2	0	2	65	0	1	1	0
1375	2	3	2	0	0	41	0	1	1	0
1376	1	2	1	0	10	261	0	1	1	0
1376	1	1	2	0	2	65	0	1	1	0
1376	2	3	2	0	0	41	0	1	1	0
1377	1	2	1	0	10	261	0	1	1	0
1377	1	1	2	0	2	65	0	1	1	0
1377	2	3	2	0	0	41	0	1	1	0
1378	1	2	1	0	10	261	0	1	1	0
1378	1	1	2	0	2	65	0	1	1	0
1378	2	4	1	0	2	41	0	1	1	0
1378	2	3	2	0	0	26	0	1	1	0
1378	2	5	3	0	28	749	1	0	0	0
1379	1	2	1	0	10	261	0	1	1	0
1379	1	1	2	0	2	65	0	1	1	0
1379	2	4	1	0	2	41	0	1	1	0
1379	2	3	2	0	0	26	0	1	1	0
1379	2	5	3	0	28	749	1	0	0	0
1380	2	4	1	0	2	41	0	1	1	0
1380	2	3	2	0	0	26	0	1	1	0
1380	2	5	3	0	28	749	1	0	1	0
1381	2	3	2	0	0	41	0	1	1	0
1382	2	3	2	0	0	41	0	1	1	0
1383	2	3	2	0	0	41	0	1	1	0
1384	2	3	2	0	0	41	0	1	1	0
1385	2	4	1	0	2	41	0	1	1	0
1385	2	3	2	0	0	26	0	1	1	0
1385	2	5	3	0	28	749	2	0	1	0
1386	2	4	1	0	2	41	0	1	1	0
1386	2	3	2	0	0	26	0	1	1	0
1386	2	5	3	0	28	749	2	0	1	0
1387	2	3	2	0	0	41	0	1	1	0
1388	2	3	2	0	0	41	0	1	1	0
1389	2	3	2	0	0	41	0	1	1	0
1390	2	3	2	0	0	41	0	1	1	0
1391	2	3	2	0	0	41	0	1	1	0
1392	2	3	2	0	0	41	0	1	1	0
1393	2	3	2	0	0	41	0	1	1	0
1394	2	3	2	0	0	41	0	1	1	0
1395	2	3	2	0	0	41	0	1	1	0
1396	2	3	2	0	0	41	0	1	1	0
1397	2	3	2	0	0	41	0	1	1	0
1398	2	3	2	0	0	41	0	1	1	0
1399	2	3	2	0	0	41	0	1	1	0
1400	2	3	2	0	0	41	0	1	1	0
1401	2	3	2	0	0	41	0	1	1	0
1402	2	3	2	0	0	41	0	1	1	0
1403	2	3	2	0	0	41	0	1	1	0
1404	2	3	2	0	0	41	0	1	1	0
1405	2	3	2	0	0	41	0	1	1	0
1406	2	3	2	0	0	41	0	1	1	0
1407	2	4	1	0	2	65	0	1	1	0
1407	2	3	2	0	0	41	0	1	1	0
1408	2	4	1	0	2	65	0	1	1	0
1409	2	4	1	0	2	65	0	1	1	0
1410	2	4	1	0	2	65	0	1	1	0
1411	2	4	1	0	2	65	0	1	1	0
1412	2	4	1	0	2	65	0	1	1	0
1413	2	4	1	0	2	65	0	1	1	0
1414	2	4	1	0	2	65	0	1	1	0
1415	2	4	1	0	2	65	0	1	1	0
1416	2	4	1	0	2	65	0	1	1	0
1417	2	4	1	0	2	65	0	1	1	0
1418	2	4	1	0	2	65	0	1	1	0
1419	2	4	1	0	2	65	0	1	1	0
1420	2	4	1	0	2	65	0	1	1	0
1421	2	4	1	0	2	65	0	1	1	0
1422	2	4	1	0	2	65	0	1	1	0
1423	2	4	1	0	2	65	0	1	1	0
1424	2	4	1	0	2	65	0	1	1	0
1425	2	4	1	0	2	65	0	1	1	0
1426	2	4	1	0	2	65	0	1	1	0
1427	2	4	1	0	2	65	0	1	1	0
1428	2	4	1	0	2	65	0	1	1	0
1429	2	4	1	0	2	65	0	1	1	0
1430	2	4	1	0	2	65	0	1	1	0
1431	2	4	1	0	2	65	0	1	1	0
1432	2	4	1	0	2	65	0	1	1	0
1433	2	4	1	0	2	65	0	1	1	0
1434	2	4	1	0	2	65	0	1	1	0
1435	2	4	1	0	2	65	0	1	1	0
1436	2	4	1	0	2	65	0	1	1	0
1437	2	4	1	0	2	65	0	1	1	0
1438	2	4	1	0	2	65	0	1	1	0
1439	2	4	1	0	2	65	0	1	1	0
1440	2	4	1	0	2	65	0	1	1	0
1441	2	4	1	0	2	65	0	1	1	0
1442	2	4	1	0	2	65	0	1	1	0
1443	2	4	1	0	2	65	0	1	1	0
1444	2	4	1	0	2	65	0	1	1	0
1445	2	4	1	0	2	65	0	1	1	0
1446	2	4	1	0	2	65	0	1	1	0
1521	2	4	1	0	2	41	0	1	1	0
1521	2	3	2	0	0	26	0	1	1	0
1521	2	5	3	0	12	201	0	1	1	0
1522	2	4	1	0	2	41	0	1	1	0
1522	2	3	2	0	0	26	0	1	1	0
1522	2	5	3	0	12	201	0	1	1	0
1523	2	4	1	0	2	41	0	1	1	0
1523	2	3	2	0	0	26	0	1	1	0
1523	2	5	3	0	12	201	0	1	1	0
1524	2	4	1	0	2	41	0	1	1	0
1524	2	3	2	0	0	26	0	1	1	0
1524	2	5	3	0	12	201	0	1	1	0
1525	2	4	1	0	2	41	0	1	1	0
1525	2	3	2	0	0	26	0	1	1	0
1525	2	5	3	0	12	201	0	1	1	0
1526	2	4	1	0	2	41	0	1	1	0
1526	2	3	2	0	0	26	0	1	1	0
1526	2	5	3	0	12	201	0	1	1	0
1527	1	2	1	0	2	65	0	1	1	0
1527	2	3	2	0	0	26	0	1	1	0
1527	2	5	3	0	12	201	0	1	1	0
1528	1	2	1	0	2	65	0	1	1	0
1528	2	5	3	0	12	201	0	1	1	0
1529	1	2	1	0	2	65	0	1	1	0
1529	2	5	3	0	26	621	0	1	0	0
1530	1	2	1	0	2	65	0	1	1	0
1531	1	2	1	0	2	65	0	1	1	0
1532	1	2	1	0	2	65	0	1	1	0
1533	1	2	1	0	2	65	0	1	1	0
1534	1	2	1	0	2	65	0	1	1	0
1535	1	2	1	0	2	65	0	1	1	0
1536	1	2	1	0	2	65	0	1	1	0
1536	2	5	3	0	26	621	1	0	1	0
1537	1	2	1	0	2	65	0	1	1	0
1538	1	2	1	0	2	65	0	1	1	0
1539	1	2	1	0	2	65	0	1	1	0
1540	1	2	1	0	2	65	0	1	1	0
1541	1	2	1	0	2	65	0	1	1	0
1542	1	2	1	0	2	65	0	1	1	0
1543	1	2	1	0	2	65	0	1	1	0
1544	1	2	1	0	2	65	0	1	1	0
1545	1	2	1	0	2	65	0	1	1	0
1546	1	2	1	0	2	65	0	1	1	0
1547	1	2	1	0	2	65	0	1	1	0
1548	1	2	1	0	2	65	0	1	1	0
1549	1	2	1	0	2	65	0	1	1	0
1550	1	2	1	0	2	65	0	1	1	0
1551	1	2	1	0	2	65	0	1	1	0
1552	1	2	1	0	2	65	0	1	1	0
1553	1	2	1	0	2	65	0	1	1	0
1554	1	2	1	0	2	65	0	1	1	0
1555	1	2	1	0	2	65	0	1	1	0
1556	1	2	1	0	2	65	0	1	1	0
1557	1	2	1	0	2	65	0	1	1	0
1558	1	2	1	0	2	65	0	1	1	0
1559	1	2	1	0	2	65	0	1	1	0
1560	1	2	1	0	2	65	0	1	1	0
1568	2	3	2	0	0	41	0	1	1	0
1569	2	3	2	0	0	41	0	1	1	0
1570	2	3	2	0	0	41	0	1	1	0
1571	2	3	2	0	0	41	0	1	1	0
1572	2	3	2	0	0	41	0	1	1	0
1573	2	3	2	0	0	41	0	1	1	0
1574	2	3	2	0	0	41	0	1	1	0
1575	2	3	2	0	0	41	0	1	1	0
1576	2	3	2	0	0	41	0	1	1	0
1577	2	3	2	0	0	41	0	1	1	0
1578	2	3	2	0	0	41	0	1	1	0
1579	2	3	2	0	0	41	0	1	1	0
1580	2	3	2	0	0	41	0	1	1	0
1581	2	3	2	0	0	41	0	1	1	0
1582	2	3	2	0	0	41	0	1	1	0
1583	2	3	2	0	0	41	0	1	1	0
1584	2	3	2	0	0	41	0	1	1	0
1585	2	3	2	0	0	41	0	1	1	0
1586	2	3	2	0	0	41	0	1	1	0
1587	2	3	2	0	0	41	0	1	1	0
1588	2	3	2	0	0	41	0	1	1	0
1589	2	3	2	0	0	41	0	1	1	0
1590	2	3	2	0	0	41	0	1	1	0
1591	2	3	2	0	0	41	0	1	1	0
1592	2	3	2	0	0	41	0	1	1	0
1593	2	3	2	0	0	41	0	1	1	0
1594	2	3	2	0	0	41	0	1	1	0
1595	2	3	2	0	0	41	0	1	1	0
1596	2	3	2	0	0	41	0	1	1	0
1597	2	3	2	0	0	41	0	1	1	0
1598	2	3	2	0	0	41	0	1	1	0
1599	2	3	2	0	0	41	0	1	1	0
1600	2	3	2	0	0	41	0	1	1	0
1601	2	3	2	0	0	41	0	1	1	0
1602	2	3	2	0	0	41	0	1	1	0
1603	2	3	2	0	0	41	0	1	1	0
1604	2	3	2	0	0	41	0	1	1	0
1605	2	3	2	0	0	41	0	1	1	0
1606	2	3	2	0	0	41	0	1	1	0
1607	2	4	1	0	4	105	0	1	1	0
1607	2	3	2	0	0	41	0	1	1	0
1608	2	4	1	0	4	105	0	1	1	0
1609	2	4	1	0	4	105	0	1	1	0
1610	2	4	1	0	4	105	0	1	1	0
1611	2	4	1	0	4	105	0	1	1	0
1612	2	4	1	0	4	105	0	1	1	0
1613	2	4	1	0	4	105	0	1	1	0
1614	2	4	1	0	4	105	0	1	1	0
1615	2	4	1	0	4	105	0	1	1	0
1616	2	4	1	0	4	105	0	1	1	0
1617	2	4	1	0	4	105	0	1	1	0
1618	2	4	1	0	4	105	0	1	1	0
1619	2	4	1	0	4	105	0	1	1	0
1620	2	4	1	0	4	105	0	1	1	0
1621	2	4	1	0	4	105	0	1	1	0
1622	2	4	1	0	4	105	0	1	1	0
1623	2	4	1	0	4	105	0	1	1	0
1624	2	4	1	0	4	105	0	1	1	0
1625	2	4	1	0	4	105	0	1	1	0
1626	2	4	1	0	4	105	0	1	1	0
1627	2	4	1	0	4	105	0	1	1	0
1628	2	4	1	0	4	105	0	1	1	0
1629	2	4	1	0	4	105	0	1	1	0
1630	2	4	1	0	4	105	0	1	1	0
1631	2	4	1	0	4	105	0	1	1	0
1632	2	4	1	0	4	105	0	1	1	0
1633	2	4	1	0	4	105	0	1	1	0
1634	2	4	1	0	4	105	0	1	1	0
1635	2	4	1	0	4	105	0	1	1	0
1636	2	4	1	0	4	105	0	1	1	0
1637	2	4	1	0	4	105	0	1	1	0
1638	2	4	1	0	4	105	0	1	1	0
1639	2	4	1	0	4	105	0	1	1	0
1640	2	4	1	0	4	105	0	1	1	0
1641	2	4	1	0	4	105	0	1	1	0
1642	2	4	1	0	4	105	0	1	1	0
1643	2	4	1	0	4	105	0	1	1	0
1644	2	4	1	0	4	105	0	1	1	0
1645	2	4	1	0	4	105	0	1	1	0
1646	2	4	1	0	4	105	0	1	1	0
1648	1	1	2	0	4	225	0	1	1	0
1648	2	3	2	0	2	65	0	1	1	0
1649	1	1	2	0	4	225	0	1	1	0
1649	2	3	2	0	2	65	0	1	1	0
1650	1	1	2	0	4	225	0	1	1	0
1650	2	3	2	0	2	65	0	1	1	0
1651	1	1	2	0	4	225	0	1	1	0
1651	2	3	2	0	2	65	0	1	1	0
1652	1	1	2	0	4	225	0	1	1	0
1652	2	3	2	0	2	65	0	1	1	0
1653	1	1	2	0	4	225	0	1	1	0
1653	2	3	2	0	2	65	0	1	1	0
1654	1	1	2	0	4	225	0	1	1	0
1654	2	3	2	0	2	65	0	1	1	0
1655	1	1	2	0	4	225	0	1	1	0
1655	2	3	2	0	2	65	0	1	1	0
1656	1	1	2	0	4	225	0	1	1	0
1656	2	3	2	0	2	65	0	1	1	0
1657	1	1	2	0	4	225	0	1	1	0
1657	2	3	2	0	2	65	0	1	1	0
1658	1	1	2	0	4	225	0	1	1	0
1658	2	3	2	0	2	65	0	1	1	0
1659	1	1	2	0	4	225	0	1	1	0
1659	2	3	2	0	2	65	0	1	1	0
1660	1	1	2	0	4	225	0	1	1	0
1660	2	3	2	0	2	65	0	1	1	0
1661	1	1	2	0	4	225	0	1	1	0
1661	2	3	2	0	2	65	0	1	1	0
1662	1	1	2	0	4	225	0	1	1	0
1662	2	3	2	0	2	65	0	1	1	0
1663	1	1	2	0	4	225	0	1	1	0
1663	2	3	2	0	2	65	0	1	1	0
1664	1	1	2	0	4	225	0	1	1	0
1664	2	3	2	0	2	65	0	1	1	0
1665	1	1	2	0	4	225	0	1	1	0
1665	2	3	2	0	2	65	0	1	1	0
1666	1	1	2	0	4	225	0	1	1	0
1666	2	3	2	0	2	65	0	1	1	0
1667	1	1	2	0	4	225	0	1	1	0
1667	2	3	2	0	2	65	0	1	1	0
1668	1	1	2	0	4	225	0	1	1	0
1668	2	3	2	0	2	65	0	1	1	0
1669	1	1	2	0	4	225	0	1	1	0
1669	2	3	2	0	2	65	0	1	1	0
1670	1	1	2	0	4	225	0	1	1	0
1670	2	3	2	0	2	65	0	1	1	0
1671	1	1	2	0	6	153	0	1	1	0
1671	2	3	2	0	2	41	0	1	1	0
1671	2	5	3	0	28	749	0	1	0	0
1672	1	1	2	0	6	153	0	1	1	0
1672	2	3	2	0	2	41	0	1	1	0
1672	2	5	3	0	28	749	0	1	0	0
1673	1	1	2	0	6	153	0	1	1	0
1673	2	3	2	0	2	41	0	1	1	0
1673	2	5	3	0	28	749	0	1	0	0
1674	1	1	2	0	6	153	0	1	1	0
1674	2	3	2	0	2	65	0	1	1	0
1675	1	1	2	0	6	153	0	1	1	0
1675	2	3	2	0	2	65	0	1	1	0
1676	1	1	2	0	6	153	0	1	1	0
1676	2	3	2	0	2	65	0	1	1	0
1677	1	1	2	0	6	153	0	1	1	0
1677	2	3	2	0	2	65	0	1	1	0
1678	1	1	2	0	6	153	0	1	1	0
1678	2	3	2	0	2	41	0	1	1	0
1678	2	5	3	0	28	749	1	0	1	0
1679	1	1	2	0	6	153	0	1	1	0
1679	2	3	2	0	2	41	0	1	1	0
1679	2	5	3	0	28	749	1	0	1	0
1680	1	1	2	0	6	153	0	1	1	0
1680	2	3	2	0	2	41	0	1	1	0
1680	2	5	3	0	28	749	1	0	1	0
1681	1	1	2	0	6	153	0	1	1	0
1681	2	3	2	0	2	65	0	1	1	0
1682	1	1	2	0	6	153	0	1	1	0
1682	2	3	2	0	2	65	0	1	1	0
1683	1	1	2	0	6	153	0	1	1	0
1683	2	3	2	0	2	65	0	1	1	0
1684	1	1	2	0	6	153	0	1	1	0
1684	2	3	2	0	2	65	0	1	1	0
1685	1	1	2	0	6	153	0	1	1	0
1685	2	3	2	0	2	65	0	1	1	0
1686	1	1	2	0	6	153	0	1	1	0
1686	2	3	2	0	2	65	0	1	1	0
1687	1	1	2	0	6	153	0	1	1	0
1687	2	4	1	0	0	41	0	1	1	0
1687	2	3	2	0	2	65	0	1	1	0
1688	1	1	2	0	0	41	0	1	1	0
1688	2	4	1	0	0	41	0	1	1	0
1688	2	3	2	0	14	389	0	1	1	0
1689	1	1	2	0	0	41	0	1	1	0
1689	2	4	1	0	0	41	0	1	1	0
1689	2	3	2	0	14	389	0	1	1	0
1690	1	1	2	0	0	41	0	1	1	0
1690	2	4	1	0	0	41	0	1	1	0
1690	2	3	2	0	14	389	0	1	1	0
1691	1	1	2	0	0	41	0	1	1	0
1691	2	4	1	0	0	41	0	1	1	0
1691	2	3	2	0	14	389	0	1	0	0
1692	1	1	2	0	0	41	0	1	1	0
1692	2	4	1	0	0	41	0	1	1	0
1692	2	3	2	0	14	389	0	1	0	0
1693	1	1	2	0	0	41	0	1	1	0
1693	2	4	1	0	0	85	0	1	1	0
1694	1	1	2	0	0	41	0	1	1	0
1694	2	4	1	0	0	85	0	1	1	0
1695	1	1	2	0	0	41	0	1	1	0
1695	2	4	1	0	0	85	0	1	1	0
1696	1	1	2	0	0	41	0	1	1	0
1696	2	4	1	0	0	85	0	1	1	0
1697	1	1	2	0	0	41	0	1	1	0
1697	2	4	1	0	0	85	0	1	1	0
1698	1	1	2	0	0	41	0	1	1	0
1698	2	4	1	0	0	85	0	1	1	0
1699	1	1	2	0	0	41	0	1	1	0
1699	2	4	1	0	0	85	0	1	1	0
1700	1	1	2	0	0	41	0	1	1	0
1700	2	4	1	0	0	85	0	1	1	0
1701	1	1	2	0	0	41	0	1	1	0
1701	2	4	1	0	0	85	0	1	1	0
1702	1	1	2	0	0	41	0	1	1	0
1702	2	4	1	0	0	85	0	1	1	0
1703	1	1	2	0	0	41	0	1	1	0
1703	2	4	1	0	0	85	0	1	1	0
1704	1	1	2	0	0	41	0	1	1	0
1704	2	4	1	0	0	85	0	1	1	0
1705	1	1	2	0	0	41	0	1	1	0
1705	2	4	1	0	0	85	0	1	1	0
1706	1	1	2	0	0	41	0	1	1	0
1706	2	4	1	0	0	85	0	1	1	0
1707	1	1	2	0	0	41	0	1	1	0
1707	2	4	1	0	0	85	0	1	1	0
1708	1	1	2	0	0	41	0	1	1	0
1708	2	4	1	0	0	85	0	1	1	0
1709	1	1	2	0	0	41	0	1	1	0
1709	2	4	1	0	0	85	0	1	1	0
1710	1	1	2	0	0	41	0	1	1	0
1710	2	4	1	0	0	85	0	1	1	0
1711	1	1	2	0	0	41	0	1	1	0
1711	2	4	1	0	0	85	0	1	1	0
1712	1	1	2	0	0	41	0	1	1	0
1712	2	4	1	0	0	85	0	1	1	0
1713	1	1	2	0	0	41	0	1	1	0
1713	2	4	1	0	0	85	0	1	1	0
1714	1	1	2	0	0	41	0	1	1	0
1714	2	4	1	0	0	85	0	1	1	0
1715	1	1	2	0	0	41	0	1	1	0
1715	2	4	1	0	0	85	0	1	1	0
1716	1	1	2	0	0	41	0	1	1	0
1716	2	4	1	0	0	85	0	1	1	0
1717	1	1	2	0	0	41	0	1	1	0
1717	2	4	1	0	0	85	0	1	1	0
1718	1	1	2	0	0	41	0	1	1	0
1718	2	4	1	0	0	85	0	1	1	0
1719	1	1	2	0	0	41	0	1	1	0
1719	2	4	1	0	0	85	0	1	1	0
1720	1	1	2	0	0	41	0	1	1	0
1720	2	4	1	0	0	85	0	1	1	0
1721	1	1	2	0	0	41	0	1	1	0
1721	2	4	1	0	0	85	0	1	1	0
1722	1	1	2	0	0	41	0	1	1	0
1722	2	4	1	0	0	85	0	1	1	0
1723	1	1	2	0	0	41	0	1	1	0
1723	2	4	1	0	0	85	0	1	1	0
1724	1	1	2	0	0	41	0	1	1	0
1724	2	4	1	0	0	85	0	1	1	0
1725	1	1	2	0	0	41	0	1	1	0
1725	2	4	1	0	0	85	0	1	1	0
1726	1	1	2	0	0	41	0	1	1	0
1726	2	4	1	0	0	85	0	1	1	0
1727	1	1	2	0	0	41	0	1	1	0
1728	1	1	2	0	0	41	0	1	1	0
1729	1	1	2	0	0	41	0	1	1	0
1730	1	1	2	0	0	41	0	1	1	0
1731	1	1	2	0	0	41	0	1	1	0
1732	1	1	2	0	0	41	0	1	1	0
1733	1	1	2	0	0	41	0	1	1	0
1734	1	1	2	0	0	41	0	1	1	0
1735	1	1	2	0	0	41	0	1	1	0
1736	1	1	2	0	0	41	0	1	1	0
1737	1	1	2	0	0	41	0	1	1	0
1738	1	1	2	0	0	41	0	1	1	0
1739	1	1	2	0	0	41	0	1	1	0
1740	1	1	2	0	0	41	0	1	1	0
1741	1	1	2	0	0	41	0	1	1	0
1742	1	1	2	0	0	41	0	1	1	0
1743	1	1	2	0	0	41	0	1	1	0
1744	1	1	2	0	0	41	0	1	1	0
1745	1	1	2	0	0	41	0	1	1	0
1746	1	1	2	0	0	41	0	1	1	0
1747	1	1	2	0	0	41	0	1	1	0
1748	1	1	2	0	0	41	0	1	1	0
1749	1	1	2	0	0	41	0	1	1	0
1750	1	1	2	0	0	41	0	1	1	0
1751	1	1	2	0	0	41	0	1	1	0
1752	1	1	2	0	0	41	0	1	1	0
1753	1	1	2	0	0	41	0	1	1	0
1754	1	1	2	0	0	41	0	1	1	0
1755	1	1	2	0	0	41	0	1	1	0
1756	1	1	2	0	0	41	0	1	1	0
1757	1	1	2	0	0	41	0	1	1	0
1758	1	1	2	0	0	41	0	1	1	0
1759	1	1	2	0	0	41	0	1	1	0
1760	1	1	2	0	0	41	0	1	1	0
1761	1	1	2	0	0	41	0	1	1	0
1762	1	1	2	0	0	41	0	1	1	0
1763	1	1	2	0	0	41	0	1	1	0
1764	1	1	2	0	0	41	0	1	1	0
1765	1	1	2	0	0	41	0	1	1	0
1766	1	1	2	0	0	41	0	1	1	0
1767	1	2	1	0	10	261	0	1	1	0
1767	1	1	2	0	0	41	0	1	1	0
1768	1	2	1	0	10	261	0	1	1	0
1768	1	1	2	0	4	105	0	1	1	0
1769	1	2	1	0	10	261	0	1	1	0
1769	1	1	2	0	4	105	0	1	1	0
1770	1	2	1	0	10	261	0	1	1	0
1770	1	1	2	0	4	105	0	1	1	0
1771	1	2	1	0	10	261	0	1	1	0
1771	1	1	2	0	4	105	0	1	1	0
1772	1	2	1	0	10	261	0	1	1	0
1772	1	1	2	0	4	105	0	1	1	0
1773	1	2	1	0	10	261	0	1	1	0
1773	1	1	2	0	4	105	0	1	1	0
1774	1	2	1	0	10	261	0	1	1	0
1774	1	1	2	0	4	105	0	1	1	0
1775	1	2	1	0	10	261	0	1	1	0
1775	1	1	2	0	4	105	0	1	1	0
1776	1	1	2	0	4	225	0	1	1	0
1777	1	1	2	0	4	225	0	1	1	0
1821	2	3	2	0	2	41	0	1	1	0
1821	2	5	3	0	28	749	0	1	0	0
1822	2	3	2	0	2	41	0	1	1	0
1822	2	5	3	0	28	749	0	1	0	0
1823	2	3	2	0	2	41	0	1	1	0
1823	2	5	3	0	28	749	0	1	0	0
1847	1	2	1	0	0	41	0	1	1	0
1847	2	4	1	0	4	105	0	1	1	0
1848	1	2	1	0	0	41	0	1	1	0
1848	1	1	2	0	6	153	0	1	1	0
1848	2	4	1	0	4	105	0	1	1	0
1849	1	2	1	0	0	41	0	1	1	0
1849	1	1	2	0	6	153	0	1	1	0
1849	2	4	1	0	4	105	0	1	1	0
1850	1	2	1	0	0	41	0	1	1	0
1850	1	1	2	0	6	153	0	1	1	0
1850	2	4	1	0	4	105	0	1	1	0
1851	1	2	1	0	0	41	0	1	1	0
1851	1	1	2	0	6	153	0	1	1	0
1851	2	4	1	0	4	105	0	1	1	0
1852	1	2	1	0	0	41	0	1	1	0
1852	1	1	2	0	6	153	0	1	1	0
1852	2	4	1	0	4	105	0	1	1	0
1853	1	2	1	0	0	41	0	1	1	0
1853	1	1	2	0	6	153	0	1	1	0
1853	2	4	1	0	4	105	0	1	1	0
1854	1	2	1	0	0	41	0	1	1	0
1854	1	1	2	0	6	153	0	1	1	0
1854	2	4	1	0	4	105	0	1	1	0
1855	1	2	1	0	0	41	0	1	0	0
1855	1	1	2	0	6	153	0	1	1	0
1855	2	4	1	0	4	105	0	1	1	0
1856	1	2	1	0	0	41	0	1	1	0
1856	1	1	2	0	6	153	0	1	1	0
1856	2	4	1	0	4	105	0	1	1	0
1857	1	2	1	0	0	41	0	1	1	0
1857	1	1	2	0	6	153	0	1	1	0
1857	2	4	1	0	4	105	0	1	1	0
1858	1	2	1	0	0	41	0	1	1	0
1858	1	1	2	0	6	153	0	1	1	0
1858	2	4	1	0	4	105	0	1	1	0
1859	1	2	1	0	0	41	0	1	1	0
1859	1	1	2	0	6	153	0	1	1	0
1859	2	4	1	0	4	105	0	1	1	0
1860	1	2	1	0	0	41	0	1	0	0
1860	1	1	2	0	6	153	0	1	1	0
1860	2	4	1	0	4	105	0	1	1	0
1861	1	2	1	0	0	41	0	1	1	0
1861	1	1	2	0	6	153	0	1	1	0
1861	2	4	1	0	4	105	0	1	1	0
1862	1	2	1	0	0	41	0	1	1	0
1862	1	1	2	0	6	153	0	1	0	0
1862	2	4	1	0	4	105	0	1	1	0
1863	2	4	1	0	4	105	0	1	1	0
1864	2	4	1	0	4	105	0	1	1	0
1865	2	4	1	0	4	105	0	1	1	0
1867	2	4	1	0	4	105	0	1	1	0
1868	2	4	1	0	4	105	0	1	1	0
1869	2	4	1	0	4	105	0	1	1	0
1870	2	4	1	0	4	105	0	1	1	0
1871	2	4	1	0	4	105	0	1	1	0
1967	1	2	1	0	4	225	0	1	1	0
1968	1	2	1	0	4	225	0	1	1	0
1969	1	2	1	0	4	225	0	1	1	0
1970	1	2	1	0	4	225	0	1	1	0
1971	1	2	1	0	4	105	0	1	1	0
1971	1	1	2	0	2	65	0	1	1	0
1972	1	2	1	0	4	105	0	1	1	0
1972	1	1	2	0	2	65	0	1	1	0
1973	1	2	1	0	4	105	0	1	1	0
1973	1	1	2	0	2	65	0	1	1	0
1974	1	2	1	0	4	105	0	1	1	0
1974	1	1	2	0	2	65	0	1	1	0
1974	2	5	3	0	28	749	0	1	0	0
1975	1	2	1	0	4	105	0	1	1	0
1975	1	1	2	0	2	65	0	1	1	0
1976	1	2	1	0	4	105	0	1	1	0
1976	1	1	2	0	2	65	0	1	1	0
1976	2	5	3	0	28	749	0	1	0	0
1977	1	2	1	0	4	105	0	1	1	0
1977	1	1	2	0	2	65	0	1	1	0
1977	2	5	3	0	28	749	0	1	0	0
1978	1	2	1	0	4	105	0	1	1	0
1978	1	1	2	0	2	65	0	1	1	0
1979	1	2	1	0	4	105	0	1	1	0
1979	1	1	2	0	2	65	0	1	1	0
1980	1	2	1	0	4	105	0	1	1	0
1980	1	1	2	0	2	65	0	1	1	0
1981	1	2	1	0	4	105	0	1	1	0
1981	1	1	2	0	2	65	0	1	1	0
1982	1	2	1	0	4	105	0	1	1	0
1982	1	1	2	0	2	65	0	1	1	0
1983	1	2	1	0	4	105	0	1	1	0
1983	1	1	2	0	2	65	0	1	1	0
1983	2	5	3	0	28	749	1	0	1	0
1984	1	2	1	0	4	105	0	1	1	0
1984	1	1	2	0	2	65	0	1	1	0
1984	2	5	3	0	28	749	1	0	1	0
1985	1	2	1	0	4	105	0	1	1	0
1985	1	1	2	0	2	65	0	1	1	0
1986	1	2	1	0	4	105	0	1	1	0
1986	1	1	2	0	2	65	0	1	1	0
1987	1	2	1	0	4	105	0	1	1	0
1987	1	1	2	0	2	65	0	1	1	0
1988	1	2	1	0	4	105	0	1	1	0
1988	1	1	2	0	2	65	0	1	1	0
1989	1	2	1	0	4	105	0	1	1	0
1989	1	1	2	0	2	65	0	1	1	0
1990	1	2	1	0	4	105	0	1	1	0
1990	1	1	2	0	2	65	0	1	1	0
1991	1	2	1	0	4	105	0	1	1	0
1991	1	1	2	0	2	65	0	1	1	0
1992	1	2	1	0	4	105	0	1	1	0
1992	1	1	2	0	2	65	0	1	1	0
1993	1	2	1	0	4	105	0	1	1	0
1993	1	1	2	0	2	65	0	1	1	0
1994	1	2	1	0	4	105	0	1	1	0
1994	1	1	2	0	2	65	0	1	1	0
1995	1	2	1	0	4	105	0	1	1	0
1995	1	1	2	0	2	65	0	1	1	0
1995	2	5	3	0	28	749	0	1	0	0
1996	1	2	1	0	4	105	0	1	1	0
1996	1	1	2	0	2	65	0	1	1	0
1996	2	5	3	0	28	749	0	1	0	0
1997	1	2	1	0	4	105	0	1	1	0
1997	1	1	2	0	2	65	0	1	1	0
1997	2	5	3	0	28	749	0	1	0	0
1998	1	2	1	0	4	105	0	1	1	0
1998	1	1	2	0	2	65	0	1	1	0
1999	1	2	1	0	4	105	0	1	0	0
1999	1	1	2	0	2	65	0	1	1	0
2000	1	2	1	0	4	105	0	1	0	0
2000	1	1	2	0	2	65	0	1	1	0
2001	1	2	1	0	4	105	0	1	0	0
2001	1	1	2	0	2	65	0	1	1	0
2002	1	2	1	0	4	105	0	1	0	0
2002	1	1	2	0	2	65	0	1	1	0
2002	2	5	3	0	28	749	1	0	1	0
2003	1	2	1	0	4	105	0	1	0	0
2003	1	1	2	0	2	65	0	1	1	0
2003	2	5	3	0	28	749	1	0	1	0
2004	1	2	1	0	4	105	0	1	0	0
2004	1	1	2	0	2	65	0	1	1	0
2004	2	5	3	0	28	749	1	0	1	0
2007	2	4	1	0	2	65	0	1	1	0
2008	2	4	1	0	2	65	0	1	1	0
2009	2	4	1	0	2	65	0	1	1	0
2010	2	4	1	0	2	65	0	1	1	0
2011	2	4	1	0	2	65	0	1	1	0
2012	2	4	1	0	2	65	0	1	1	0
2013	2	4	1	0	2	65	0	1	1	0
2014	2	4	1	0	2	65	0	1	1	0
2015	2	4	1	0	2	65	0	1	1	0
2016	2	4	1	0	2	65	0	1	1	0
2017	2	4	1	0	2	65	0	1	1	0
2018	2	4	1	0	2	65	0	1	1	0
2019	2	4	1	0	2	65	0	1	1	0
2020	2	4	1	0	2	65	0	1	1	0
2021	2	4	1	0	2	65	0	1	1	0
2022	2	4	1	0	2	65	0	1	1	0
2023	2	4	1	0	2	65	0	1	1	0
2024	2	4	1	0	2	65	0	1	1	0
2025	2	4	1	0	2	65	0	1	1	0
2026	2	4	1	0	2	65	0	1	1	0
2027	2	4	1	0	2	65	0	1	1	0
2028	2	4	1	0	2	65	0	1	1	0
2029	2	4	1	0	2	65	0	1	1	0
2030	2	4	1	0	2	65	0	1	1	0
2031	2	4	1	0	2	65	0	1	1	0
2032	2	4	1	0	2	65	0	1	1	0
2033	2	4	1	0	2	65	0	1	1	0
2034	2	4	1	0	2	65	0	1	1	0
2035	2	4	1	0	2	65	0	1	1	0
2036	2	4	1	0	2	65	0	1	1	0
2037	2	4	1	0	2	65	0	1	1	0
2038	2	4	1	0	2	65	0	1	1	0
2039	2	4	1	0	2	65	0	1	1	0
2040	2	4	1	0	2	65	0	1	1	0
2121	1	1	2	0	14	389	0	1	1	0
2121	2	5	3	0	28	749	0	1	0	0
2122	1	1	2	0	14	389	0	1	1	0
2122	2	5	3	0	28	749	0	1	0	0
2123	1	1	2	0	14	389	0	1	1	0
2123	2	5	3	0	28	749	0	1	0	0
2124	1	1	2	0	14	389	0	1	1	0
2125	1	1	2	0	14	389	0	1	1	0
2126	1	1	2	0	14	389	0	1	1	0
2127	1	2	1	0	0	85	0	1	1	0
2128	1	2	1	0	0	85	0	1	1	0
2128	2	4	1	0	2	41	0	1	1	0
2128	2	5	3	0	28	749	1	0	1	0
2129	1	2	1	0	0	85	0	1	1	0
2129	2	4	1	0	2	41	0	1	1	0
2129	2	5	3	0	28	749	1	0	1	0
2130	1	2	1	0	0	85	0	1	1	0
2130	2	4	1	0	2	41	0	1	1	0
2130	2	5	3	0	28	749	1	0	1	0
2131	1	2	1	0	0	85	0	1	1	0
2132	1	2	1	0	0	85	0	1	1	0
2133	1	2	1	0	0	85	0	1	1	0
2134	1	2	1	0	0	85	0	1	1	0
2135	1	2	1	0	0	85	0	1	1	0
2136	1	2	1	0	0	85	0	1	1	0
2137	1	2	1	0	0	85	0	1	1	0
2138	1	2	1	0	0	85	0	1	1	0
2139	1	2	1	0	0	85	0	1	1	0
2140	1	2	1	0	0	85	0	1	1	0
2141	1	2	1	0	0	85	0	1	1	0
2142	1	2	1	0	0	85	0	1	1	0
2143	1	2	1	0	0	85	0	1	1	0
2144	1	2	1	0	0	85	0	1	1	0
2145	1	2	1	0	0	85	0	1	1	0
2146	1	2	1	0	0	85	0	1	1	0
2147	1	2	1	0	0	85	0	1	1	0
2148	1	2	1	0	0	85	0	1	1	0
2149	1	2	1	0	0	85	0	1	1	0
2150	1	2	1	0	0	85	0	1	1	0
2151	1	2	1	0	0	85	0	1	1	0
2152	1	2	1	0	0	85	0	1	1	0
2208	2	3	2	0	6	153	0	1	1	0
2209	2	3	2	0	6	153	0	1	1	0
2210	2	3	2	0	6	153	0	1	1	0
2211	2	3	2	0	6	153	0	1	1	0
2212	2	3	2	0	6	153	0	1	1	0
2213	2	3	2	0	6	153	0	1	1	0
2214	2	3	2	0	6	153	0	1	1	0
2215	2	3	2	0	6	153	0	1	1	0
2216	2	3	2	0	6	153	0	1	1	0
2217	2	3	2	0	6	153	0	1	1	0
2218	2	3	2	0	6	153	0	1	1	0
2219	2	3	2	0	6	153	0	1	1	0
2220	2	3	2	0	6	153	0	1	1	0
2221	2	3	2	0	6	153	0	1	1	0
2222	2	3	2	0	6	153	0	1	1	0
2223	2	3	2	0	6	153	0	1	1	0
2224	2	3	2	0	6	153	0	1	1	0
2225	2	3	2	0	6	153	0	1	1	0
2226	2	3	2	0	6	153	0	1	1	0
2227	2	3	2	0	6	153	0	1	1	0
2228	2	3	2	0	6	153	0	1	1	0
2229	2	3	2	0	6	153	0	1	1	0
2230	2	3	2	0	6	153	0	1	1	0
2231	2	3	2	0	6	153	0	1	1	0
2232	2	3	2	0	6	153	0	1	1	0
2233	2	3	2	0	6	153	0	1	1	0
2234	2	3	2	0	6	153	0	1	1	0
2235	2	3	2	0	6	153	0	1	1	0
2236	2	3	2	0	6	153	0	1	1	0
2237	2	3	2	0	6	153	0	1	1	0
2238	2	3	2	0	6	153	0	1	1	0
2239	2	3	2	0	6	153	0	1	1	0
2240	2	3	2	0	6	153	0	1	1	0
2241	2	3	2	0	6	153	0	1	1	0
2242	2	3	2	0	6	153	0	1	1	0
2243	2	3	2	0	6	153	0	1	1	0
2244	2	3	2	0	6	153	0	1	1	0
2245	2	3	2	0	6	153	0	1	1	0
2246	2	3	2	0	6	153	0	1	1	0
2247	2	3	2	0	6	153	0	1	1	0
2248	2	3	2	0	8	209	0	1	1	0
2271	2	3	2	0	8	137	0	1	1	0
2271	2	5	3	0	28	749	0	1	1	0
2272	2	3	2	0	8	137	0	1	1	0
2272	2	5	3	0	28	749	0	1	1	0
2273	2	3	2	0	8	137	0	1	1	0
2273	2	5	3	0	28	749	0	1	1	0
2274	2	3	2	0	8	209	0	1	1	0
2275	2	3	2	0	8	209	0	1	1	0
2276	2	3	2	0	8	209	0	1	1	0
2277	2	3	2	0	8	209	0	1	1	0
2278	2	3	2	0	8	209	0	1	1	0
2279	2	3	2	0	8	209	0	1	1	0
2280	2	3	2	0	8	209	0	1	1	0
2281	2	3	2	0	8	209	0	1	1	0
2282	2	3	2	0	8	209	0	1	1	0
2288	1	1	2	0	0	41	0	1	1	0
2289	1	1	2	0	0	41	0	1	1	0
2290	1	1	2	0	0	41	0	1	1	0
2291	1	1	2	0	0	41	0	1	1	0
2292	1	1	2	0	0	41	0	1	1	0
2293	1	1	2	0	0	41	0	1	1	0
2294	1	1	2	0	0	41	0	1	1	0
2295	1	1	2	0	0	41	0	1	1	0
2296	1	1	2	0	0	41	0	1	1	0
2297	1	1	2	0	0	41	0	1	1	0
2298	1	1	2	0	0	41	0	1	1	0
2299	1	1	2	0	0	41	0	1	1	0
2300	1	1	2	0	0	41	0	1	1	0
2301	1	1	2	0	0	41	0	1	1	0
2302	1	1	2	0	0	41	0	1	1	0
2303	1	1	2	0	0	41	0	1	1	0
2304	1	1	2	0	0	41	0	1	1	0
2305	1	1	2	0	0	41	0	1	1	0
2306	1	1	2	0	0	41	0	1	1	0
2307	1	1	2	0	0	41	0	1	1	0
2308	1	1	2	0	0	41	0	1	1	0
2309	1	1	2	0	0	41	0	1	1	0
2310	1	1	2	0	0	41	0	1	1	0
2311	1	1	2	0	0	41	0	1	1	0
2312	1	1	2	0	0	41	0	1	1	0
2313	1	1	2	0	0	41	0	1	1	0
2314	1	1	2	0	0	41	0	1	1	0
2315	1	1	2	0	0	41	0	1	1	0
2316	1	1	2	0	0	41	0	1	1	0
2317	1	1	2	0	0	41	0	1	1	0
2318	1	1	2	0	0	41	0	1	1	0
2319	1	1	2	0	0	41	0	1	1	0
2320	1	1	2	0	0	41	0	1	1	0
2321	1	1	2	0	0	41	0	1	1	0
2322	1	1	2	0	0	41	0	1	1	0
2323	1	1	2	0	0	41	0	1	1	0
2324	1	1	2	0	0	41	0	1	1	0
2325	1	1	2	0	0	41	0	1	1	0
2326	1	1	2	0	0	41	0	1	1	0
2327	1	2	1	0	4	105	0	1	1	0
2327	1	1	2	0	0	41	0	1	1	0
2328	1	2	1	0	4	105	0	1	1	0
2328	1	1	2	0	2	65	0	1	1	0
2329	1	2	1	0	4	105	0	1	1	0
2329	1	1	2	0	2	65	0	1	1	0
2330	1	2	1	0	4	105	0	1	1	0
2330	1	1	2	0	2	65	0	1	1	0
2331	1	2	1	0	4	105	0	1	1	0
2331	1	1	2	0	2	65	0	1	1	0
2332	1	2	1	0	4	105	0	1	1	0
2332	1	1	2	0	2	65	0	1	1	0
2333	1	2	1	0	4	105	0	1	1	0
2333	1	1	2	0	2	65	0	1	1	0
2334	1	2	1	0	4	105	0	1	1	0
2334	1	1	2	0	2	65	0	1	1	0
2335	1	2	1	0	4	105	0	1	1	0
2335	1	1	2	0	2	65	0	1	1	0
2336	1	2	1	0	4	105	0	1	1	0
2336	1	1	2	0	2	65	0	1	1	0
2337	1	2	1	0	2	137	0	1	1	0
2338	1	2	1	0	2	137	0	1	1	0
2339	1	2	1	0	2	137	0	1	1	0
2340	1	2	1	0	2	137	0	1	1	0
2341	1	2	1	0	2	137	0	1	1	0
2342	1	2	1	0	2	137	0	1	1	0
2343	1	2	1	0	2	137	0	1	1	0
2344	1	2	1	0	2	137	0	1	1	0
2421	1	1	2	0	2	65	0	1	1	0
2421	2	5	3	0	26	621	0	1	0	0
2422	1	1	2	0	2	65	0	1	1	0
2422	2	5	3	0	26	621	0	1	0	0
2423	1	1	2	0	2	65	0	1	1	0
2423	2	5	3	0	26	621	0	1	0	0
2424	1	1	2	0	2	65	0	1	1	0
2424	2	5	3	0	26	621	0	1	0	0
2425	1	1	2	0	2	65	0	1	1	0
2426	1	1	2	0	2	65	0	1	1	0
2427	1	1	2	0	2	65	0	1	1	0
2428	1	1	2	0	2	65	0	1	1	0
2428	2	5	3	0	26	621	1	0	1	0
2429	1	1	2	0	2	65	0	1	1	0
2429	2	5	3	0	26	621	1	0	1	0
2430	1	1	2	0	2	65	0	1	1	0
2430	2	5	3	0	26	621	1	0	1	0
2431	1	1	2	0	2	65	0	1	1	0
2431	2	5	3	0	26	621	1	0	1	0
2432	1	1	2	0	2	65	0	1	1	0
2433	1	1	2	0	2	65	0	1	1	0
2434	1	1	2	0	2	65	0	1	1	0
2435	1	1	2	0	2	65	0	1	1	0
2436	1	1	2	0	2	65	0	1	1	0
2437	1	1	2	0	2	65	0	1	1	0
2438	1	1	2	0	2	65	0	1	1	0
2439	1	1	2	0	2	65	0	1	1	0
2440	1	1	2	0	2	65	0	1	1	0
2441	1	1	2	0	2	65	0	1	1	0
2442	1	1	2	0	2	65	0	1	1	0
2443	1	1	2	0	2	65	0	1	1	0
2444	1	1	2	0	2	65	0	1	1	0
2445	1	1	2	0	2	65	0	1	1	0
2446	1	1	2	0	2	65	0	1	1	0
2447	1	1	2	0	2	65	0	1	1	0
2448	2	3	2	0	4	105	0	1	1	0
2449	2	3	2	0	4	105	0	1	1	0
2450	2	3	2	0	4	105	0	1	1	0
2451	2	3	2	0	4	105	0	1	1	0
2452	2	3	2	0	4	105	0	1	1	0
2453	2	3	2	0	4	105	0	1	1	0
2454	2	3	2	0	4	105	0	1	1	0
2455	2	3	2	0	4	105	0	1	1	0
2456	2	3	2	0	4	105	0	1	1	0
2457	2	3	2	0	4	105	0	1	1	0
2458	2	3	2	0	4	105	0	1	1	0
2459	2	3	2	0	4	105	0	1	1	0
2460	2	3	2	0	4	105	0	1	1	0
2461	2	3	2	0	4	105	0	1	1	0
2462	2	3	2	0	4	105	0	1	1	0
2463	2	3	2	0	4	105	0	1	1	0
2464	2	3	2	0	4	105	0	1	1	0
2465	2	3	2	0	4	105	0	1	1	0
2466	2	3	2	0	4	105	0	1	1	0
2467	2	3	2	0	4	105	0	1	1	0
2468	2	3	2	0	4	105	0	1	1	0
2487	1	2	1	0	12	301	0	1	1	0
2488	1	2	1	0	12	301	0	1	1	0
2489	1	2	1	0	12	301	0	1	1	0
2490	1	2	1	0	12	301	0	1	1	0
2491	1	2	1	0	12	301	0	1	1	0
2492	1	2	1	0	12	301	0	1	1	0
2493	1	2	1	0	12	301	0	1	1	0
2494	1	2	1	0	12	301	0	1	1	0
2571	1	2	1	0	4	105	0	1	1	0
2571	2	5	3	0	16	309	0	1	0	0
2572	1	2	1	0	4	105	0	1	1	0
2572	2	5	3	0	16	309	0	1	0	0
2573	1	2	1	0	4	105	0	1	1	0
2573	2	5	3	0	16	309	0	1	0	0
2574	1	2	1	0	4	105	0	1	1	0
2574	2	5	3	0	16	309	0	1	0	0
2575	1	2	1	0	4	105	0	1	1	0
2575	2	5	3	0	16	309	0	1	0	0
2576	1	2	1	0	4	105	0	1	1	0
2576	2	5	3	0	16	309	0	1	0	0
2577	1	2	1	0	4	105	0	1	1	0
2577	2	5	3	0	16	309	0	1	0	0
2578	1	2	1	0	4	105	0	1	1	0
2578	2	5	3	0	16	309	1	0	1	0
2579	1	2	1	0	4	105	0	1	1	0
2579	2	5	3	0	16	309	1	0	1	0
2580	1	2	1	0	4	105	0	1	1	0
2580	2	5	3	0	16	309	1	0	1	0
2581	1	2	1	0	4	105	0	1	1	0
2581	2	5	3	0	16	309	1	0	1	0
2582	1	2	1	0	4	105	0	1	1	0
2582	2	5	3	0	16	309	1	0	1	0
2583	1	2	1	0	4	105	0	1	1	0
2583	2	5	3	0	16	309	1	0	1	0
2584	1	2	1	0	4	105	0	1	1	0
2584	2	5	3	0	16	309	1	0	1	0
2585	1	2	1	0	4	105	0	1	1	0
2586	1	2	1	0	4	105	0	1	1	0
2587	1	2	1	0	4	105	0	1	1	0
2588	1	2	1	0	4	105	0	1	1	0
2589	1	2	1	0	4	105	0	1	1	0
2590	1	2	1	0	4	105	0	1	1	0
2591	1	2	1	0	4	105	0	1	1	0
2687	2	4	1	0	2	65	0	1	1	0
2688	1	1	2	0	2	137	0	1	1	0
2688	2	4	1	0	2	65	0	1	1	0
2689	1	1	2	0	2	137	0	1	1	0
2689	2	4	1	0	2	65	0	1	1	0
2690	1	1	2	0	2	137	0	1	1	0
2690	2	4	1	0	2	65	0	1	1	0
2691	1	1	2	0	2	137	0	1	1	0
2691	2	4	1	0	2	65	0	1	1	0
2692	1	1	2	0	2	137	0	1	1	0
2692	2	4	1	0	2	65	0	1	1	0
2693	1	1	2	0	2	137	0	1	1	0
2693	2	4	1	0	2	65	0	1	1	0
2694	1	1	2	0	2	137	0	1	1	0
2694	2	4	1	0	2	65	0	1	1	0
2695	1	1	2	0	2	137	0	1	1	0
2695	2	4	1	0	2	65	0	1	1	0
2696	1	1	2	0	2	137	0	1	1	0
2696	2	4	1	0	2	65	0	1	1	0
2697	1	1	2	0	2	137	0	1	1	0
2697	2	4	1	0	2	65	0	1	1	0
2698	1	1	2	0	2	137	0	1	1	0
2698	2	4	1	0	2	65	0	1	1	0
2699	1	1	2	0	2	137	0	1	1	0
2699	2	4	1	0	2	65	0	1	1	0
2700	1	1	2	0	2	137	0	1	1	0
2700	2	4	1	0	2	65	0	1	1	0
2701	1	1	2	0	2	137	0	1	1	0
2701	2	4	1	0	2	65	0	1	1	0
2702	1	1	2	0	2	137	0	1	1	0
2702	2	4	1	0	2	65	0	1	1	0
2703	1	1	2	0	2	137	0	1	1	0
2703	2	4	1	0	2	65	0	1	1	0
2704	1	1	2	0	2	137	0	1	1	0
2704	2	4	1	0	2	65	0	1	1	0
2705	1	1	2	0	2	137	0	1	1	0
2705	2	4	1	0	2	65	0	1	1	0
2706	1	1	2	0	2	137	0	1	1	0
2706	2	4	1	0	2	65	0	1	1	0
2707	2	4	1	0	2	65	0	1	1	0
2708	2	4	1	0	2	65	0	1	1	0
2709	2	4	1	0	2	65	0	1	1	0
2710	2	4	1	0	2	65	0	1	1	0
2711	2	4	1	0	2	65	0	1	1	0
2712	2	4	1	0	2	65	0	1	1	0
2713	2	4	1	0	2	65	0	1	1	0
2714	2	4	1	0	2	65	0	1	1	0
2715	2	4	1	0	2	65	0	1	1	0
2716	2	4	1	0	2	65	0	1	1	0
2717	2	4	1	0	2	65	0	1	1	0
2718	2	4	1	0	2	65	0	1	1	0
2719	2	4	1	0	2	65	0	1	1	0
2720	2	4	1	0	2	65	0	1	1	0
2721	1	2	1	0	2	65	0	1	1	0
2721	1	1	2	0	8	209	0	1	1	0
2721	2	4	1	0	2	41	0	1	1	0
2721	2	5	3	0	28	749	0	1	0	0
2722	1	2	1	0	2	65	0	1	1	0
2722	1	1	2	0	8	209	0	1	1	0
2722	2	4	1	0	2	41	0	1	1	0
2722	2	5	3	0	28	749	0	1	0	0
2723	1	2	1	0	2	65	0	1	1	0
2723	1	1	2	0	8	209	0	1	1	0
2723	2	4	1	0	2	41	0	1	1	0
2723	2	5	3	0	28	749	0	1	0	0
2724	1	2	1	0	2	65	0	1	1	0
2724	1	1	2	0	8	209	0	1	1	0
2724	2	4	1	0	2	65	0	1	1	0
2725	1	2	1	0	2	65	0	1	1	0
2725	1	1	2	0	8	209	0	1	1	0
2725	2	4	1	0	2	65	0	1	1	0
2726	1	2	1	0	2	65	0	1	1	0
2726	1	1	2	0	8	209	0	1	1	0
2726	2	4	1	0	2	65	0	1	1	0
2727	1	2	1	0	4	105	0	1	1	0
2727	1	1	2	0	8	209	0	1	1	0
2728	1	2	1	0	4	105	0	1	1	0
2728	1	1	2	0	0	41	0	1	1	0
2728	2	4	1	0	0	26	0	1	1	0
2728	2	3	2	0	0	26	0	1	1	0
2728	2	5	3	0	28	749	1	0	0	0
2729	1	2	1	0	4	105	0	1	1	0
2729	1	1	2	0	0	41	0	1	1	0
2729	2	4	1	0	0	26	0	1	1	0
2729	2	3	2	0	0	26	0	1	1	0
2729	2	5	3	0	28	749	1	0	0	0
2730	1	2	1	0	4	105	0	1	1	0
2730	1	1	2	0	0	41	0	1	1	0
2730	2	4	1	0	0	26	0	1	1	0
2730	2	3	2	0	0	26	0	1	1	0
2730	2	5	3	0	28	749	1	0	0	0
2731	1	2	1	0	4	105	0	1	1	0
2731	1	1	2	0	0	41	0	1	1	0
2732	1	2	1	0	4	105	0	1	1	0
2732	1	1	2	0	0	41	0	1	1	0
2733	1	2	1	0	4	105	0	1	1	0
2733	1	1	2	0	0	41	0	1	1	0
2734	1	2	1	0	4	105	0	1	1	0
2734	1	1	2	0	0	41	0	1	1	0
2735	1	2	1	0	4	105	0	1	1	0
2735	1	1	2	0	0	41	0	1	1	0
2735	2	4	1	0	0	26	0	1	1	0
2735	2	3	2	0	0	26	0	1	1	0
2735	2	5	3	0	28	749	2	0	1	0
2736	1	2	1	0	4	105	0	1	1	0
2736	1	1	2	0	0	41	0	1	1	0
2736	2	4	1	0	0	26	0	1	1	0
2736	2	3	2	0	0	26	0	1	1	0
2736	2	5	3	0	28	749	2	0	1	0
2737	1	2	1	0	4	105	0	1	1	0
2737	1	1	2	0	0	41	0	1	1	0
2737	2	4	1	0	0	26	0	1	1	0
2737	2	3	2	0	0	26	0	1	1	0
2737	2	5	3	0	28	749	2	0	1	0
2738	1	2	1	0	4	105	0	1	1	0
2738	1	1	2	0	0	41	0	1	1	0
2739	1	2	1	0	4	105	0	1	1	0
2739	1	1	2	0	0	41	0	1	1	0
2740	1	2	1	0	4	105	0	1	1	0
2740	1	1	2	0	0	41	0	1	1	0
2741	1	2	1	0	4	105	0	1	1	0
2741	1	1	2	0	0	41	0	1	1	0
2742	1	2	1	0	4	105	0	1	1	0
2742	1	1	2	0	0	41	0	1	1	0
2743	1	2	1	0	4	105	0	1	1	0
2743	1	1	2	0	0	41	0	1	1	0
2744	1	1	2	0	0	85	0	1	1	0
2848	2	3	2	0	0	41	0	1	1	0
2849	2	3	2	0	0	41	0	1	1	0
2850	2	3	2	0	0	41	0	1	1	0
2851	2	3	2	0	0	41	0	1	1	0
2852	2	3	2	0	0	41	0	1	1	0
2853	2	3	2	0	0	41	0	1	1	0
2854	2	3	2	0	0	41	0	1	1	0
2855	2	3	2	0	0	41	0	1	1	0
2856	2	3	2	0	0	41	0	1	1	0
2857	2	3	2	0	0	41	0	1	1	0
2858	2	3	2	0	0	41	0	1	1	0
2859	2	3	2	0	0	41	0	1	1	0
2860	2	3	2	0	0	41	0	1	1	0
2861	2	3	2	0	0	41	0	1	1	0
2862	2	3	2	0	0	41	0	1	1	0
2863	2	3	2	0	0	41	0	1	1	0
2864	2	3	2	0	0	41	0	1	1	0
2865	2	3	2	0	0	41	0	1	1	0
2866	2	3	2	0	0	41	0	1	1	0
2867	2	3	2	0	0	41	0	1	1	0
2868	2	3	2	0	0	41	0	1	1	0
2869	2	3	2	0	0	41	0	1	1	0
2870	2	3	2	0	0	41	0	1	1	0
2871	1	1	2	0	4	105	0	1	1	0
2871	2	4	1	0	0	26	0	1	1	0
2871	2	3	2	0	0	26	0	1	1	0
2871	2	5	3	0	22	469	0	1	1	0
2872	1	1	2	0	4	105	0	1	1	0
2872	2	4	1	0	0	26	0	1	1	0
2872	2	3	2	0	0	26	0	1	1	0
2872	2	5	3	0	22	469	0	1	1	0
2873	1	1	2	0	4	105	0	1	1	0
2873	2	4	1	0	0	26	0	1	1	0
2873	2	3	2	0	0	26	0	1	1	0
2873	2	5	3	0	22	469	0	1	1	0
2874	1	1	2	0	4	105	0	1	1	0
2874	2	4	1	0	0	26	0	1	1	0
2874	2	3	2	0	0	26	0	1	1	0
2874	2	5	3	0	22	469	0	1	1	0
2875	1	1	2	0	4	105	0	1	1	0
2875	2	4	1	0	0	26	0	1	1	0
2875	2	3	2	0	0	26	0	1	1	0
2875	2	5	3	0	22	469	0	1	1	0
2876	1	1	2	0	4	105	0	1	1	0
2876	2	3	2	0	0	41	0	1	1	0
2877	1	1	2	0	4	105	0	1	1	0
2877	2	3	2	0	0	41	0	1	1	0
2878	1	1	2	0	4	105	0	1	1	0
2878	2	3	2	0	0	41	0	1	1	0
2879	1	1	2	0	4	105	0	1	1	0
2879	2	3	2	0	0	41	0	1	1	0
2880	1	1	2	0	4	105	0	1	1	0
2880	2	3	2	0	0	41	0	1	1	0
2881	1	1	2	0	4	105	0	1	1	0
2881	2	3	2	0	0	41	0	1	1	0
2882	1	1	2	0	4	105	0	1	1	0
2882	2	3	2	0	0	41	0	1	1	0
2883	1	1	2	0	4	105	0	1	1	0
2883	2	3	2	0	0	41	0	1	1	0
2884	1	1	2	0	4	105	0	1	1	0
2884	2	3	2	0	0	41	0	1	1	0
2885	1	1	2	0	4	105	0	1	1	0
2885	2	3	2	0	0	41	0	1	1	0
2886	1	1	2	0	4	105	0	1	1	0
2886	2	3	2	0	0	41	0	1	1	0
2887	1	1	2	0	4	105	0	1	1	0
2887	2	3	2	0	0	41	0	1	1	0
2967	1	2	1	0	4	105	0	1	1	0
2968	1	2	1	0	4	105	0	1	1	0
2968	2	3	2	0	6	153	0	1	1	0
2969	1	2	1	0	4	105	0	1	1	0
2969	2	3	2	0	6	153	0	1	1	0
2970	1	2	1	0	4	105	0	1	1	0
2970	2	3	2	0	6	153	0	1	1	0
2971	1	2	1	0	4	105	0	1	1	0
2971	2	3	2	0	6	153	0	1	1	0
2972	1	2	1	0	4	105	0	1	1	0
2972	2	3	2	0	6	153	0	1	1	0
2973	1	2	1	0	4	105	0	1	1	0
2973	2	3	2	0	6	153	0	1	1	0
2974	1	2	1	0	4	105	0	1	1	0
2974	2	3	2	0	6	153	0	1	1	0
2975	1	2	1	0	4	105	0	1	1	0
2975	2	3	2	0	6	153	0	1	1	0
2976	1	2	1	0	4	105	0	1	1	0
2976	2	3	2	0	6	153	0	1	1	0
2977	1	2	1	0	4	105	0	1	1	0
2977	2	3	2	0	6	153	0	1	1	0
2978	1	2	1	0	4	105	0	1	1	0
2978	2	3	2	0	6	153	0	1	1	0
2979	1	2	1	0	4	105	0	1	1	0
2979	2	3	2	0	6	153	0	1	1	0
2980	1	2	1	0	4	105	0	1	1	0
2980	2	3	2	0	6	153	0	1	1	0
2981	1	2	1	0	4	105	0	1	1	0
2981	2	3	2	0	6	153	0	1	1	0
2982	1	2	1	0	4	105	0	1	1	0
2982	2	3	2	0	6	153	0	1	1	0
2983	1	2	1	0	4	105	0	1	1	0
2983	2	3	2	0	6	153	0	1	1	0
2984	1	2	1	0	4	105	0	1	1	0
2984	2	3	2	0	6	153	0	1	0	0
2985	1	2	1	0	4	105	0	1	1	0
2985	2	3	2	0	6	153	0	1	1	0
2986	1	2	1	0	4	105	0	1	1	0
2986	2	3	2	0	6	153	0	1	1	0
2987	1	2	1	0	4	105	0	1	1	0
2987	2	3	2	0	6	153	0	1	1	0
2988	2	3	2	0	6	153	0	1	1	0
2989	2	3	2	0	6	153	0	1	1	0
2990	2	3	2	0	6	153	0	1	1	0
2991	2	3	2	0	6	153	1	0	1	0
2992	2	3	2	0	6	153	0	1	1	0
2993	2	3	2	0	6	153	0	1	1	0
2994	2	3	2	0	6	153	0	1	1	0
2995	2	3	2	0	6	153	0	1	1	0
2996	2	3	2	0	6	153	0	1	1	0
2997	2	3	2	0	6	153	0	1	1	0
2998	2	3	2	0	6	153	0	1	1	0
2999	2	3	2	0	6	153	0	1	1	0
3000	2	3	2	0	6	153	0	1	1	0
3021	2	5	3	0	26	621	0	1	1	0
3022	2	5	3	0	26	621	0	1	1	0
3023	2	5	3	0	26	621	0	1	1	0
3024	2	5	3	0	26	621	0	1	1	0
3048	1	1	2	0	4	105	0	1	1	0
3049	1	1	2	0	4	105	0	1	1	0
3050	1	1	2	0	4	105	0	1	1	0
3051	1	1	2	0	4	105	0	1	1	0
3052	1	1	2	0	4	105	0	1	1	0
3053	1	1	2	0	4	105	0	1	1	0
3054	1	1	2	0	4	105	0	1	1	0
3055	1	1	2	0	4	105	0	1	1	0
3056	1	1	2	0	4	105	0	1	1	0
3057	1	1	2	0	4	105	0	1	1	0
3058	1	1	2	0	4	105	0	1	1	0
3059	1	1	2	0	4	105	0	1	1	0
3060	1	1	2	0	4	105	0	1	1	0
3061	1	1	2	0	4	105	0	1	1	0
3062	1	1	2	0	4	105	0	1	1	0
3063	1	1	2	0	4	105	0	1	1	0
3064	1	1	2	0	4	105	0	1	1	0
3065	1	1	2	0	4	105	0	1	1	0
3066	1	1	2	0	4	105	0	1	1	0
3067	1	1	2	0	4	105	0	1	1	0
3068	1	1	2	0	4	105	0	1	1	0
3069	1	1	2	0	4	105	0	1	1	0
3070	1	1	2	0	4	105	0	1	1	0
3071	1	1	2	0	4	105	0	1	1	0
3088	2	3	2	0	8	209	0	1	1	0
3089	2	3	2	0	8	209	0	1	1	0
3090	2	3	2	0	8	209	0	1	1	0
3091	2	3	2	0	8	209	0	1	1	0
3092	2	3	2	0	8	209	0	1	1	0
3093	2	3	2	0	8	209	0	1	1	0
3094	2	3	2	0	8	209	0	1	1	0
3095	2	3	2	0	8	209	0	1	1	0
3096	2	3	2	0	8	209	0	1	1	0
3097	2	3	2	0	8	209	0	1	1	0
3098	2	3	2	0	8	209	0	1	1	0
3171	2	3	2	0	0	26	0	1	1	0
3171	2	5	3	0	28	749	0	1	1	0
3172	2	3	2	0	0	26	0	1	1	0
3172	2	5	3	0	28	749	0	1	1	0
3173	2	3	2	0	0	26	0	1	1	0
3173	2	5	3	0	28	749	0	1	0	0
3190	2	3	2	0	0	26	0	1	1	0
3190	2	5	3	0	28	749	0	1	1	0
3207	1	2	1	0	2	65	0	1	1	0
3208	1	2	1	0	2	65	0	1	1	0
3208	2	3	2	0	2	65	0	1	1	0
3209	1	2	1	0	2	65	0	1	1	0
3209	2	3	2	0	2	65	0	1	1	0
3210	1	2	1	0	2	65	0	1	1	0
3210	2	3	2	0	2	65	0	1	1	0
3211	1	2	1	0	2	65	0	1	1	0
3211	2	3	2	0	2	65	0	1	1	0
3212	1	2	1	0	2	65	0	1	1	0
3212	2	3	2	0	2	65	0	1	1	0
3213	1	2	1	0	2	65	0	1	1	0
3213	2	3	2	0	2	65	0	1	1	0
3214	1	2	1	0	2	65	0	1	1	0
3214	2	3	2	0	2	65	0	1	1	0
3215	1	2	1	0	2	65	0	1	1	0
3215	2	3	2	0	2	65	0	1	1	0
3216	1	2	1	0	2	65	0	1	1	0
3216	2	3	2	0	2	65	0	1	1	0
3217	1	2	1	0	2	65	0	1	1	0
3217	2	3	2	0	2	65	0	1	1	0
3218	1	2	1	0	2	65	0	1	1	0
3218	2	3	2	0	2	65	0	1	1	0
3219	1	2	1	0	2	65	0	1	1	0
3219	2	3	2	0	2	65	0	1	1	0
3220	1	2	1	0	2	65	0	1	1	0
3220	2	3	2	0	2	65	0	1	1	0
3221	1	2	1	0	2	65	0	1	1	0
3221	2	3	2	0	2	65	0	1	1	0
3222	1	2	1	0	2	65	0	1	1	0
3222	2	3	2	0	2	65	0	1	1	0
3223	1	2	1	0	2	65	0	1	1	0
3223	2	3	2	0	2	65	0	1	1	0
3224	1	2	1	0	2	65	0	1	1	0
3224	2	3	2	0	2	65	0	1	1	0
3225	1	2	1	0	2	65	0	1	1	0
3225	2	3	2	0	2	65	0	1	1	0
3226	1	2	1	0	2	65	0	1	1	0
3226	2	3	2	0	2	65	0	1	1	0
3227	1	2	1	0	2	65	0	1	1	0
3227	2	3	2	0	2	65	0	1	1	0
3228	1	2	1	0	2	65	0	1	1	0
3228	2	3	2	0	2	65	0	1	1	0
3229	1	2	1	0	2	65	0	1	1	0
3229	2	3	2	0	2	65	0	1	1	0
3230	1	2	1	0	2	65	0	1	1	0
3230	2	3	2	0	2	65	0	1	1	0
3231	1	2	1	0	2	65	0	1	1	0
3231	2	3	2	0	2	65	0	1	1	0
3232	1	2	1	0	2	65	0	1	1	0
3232	2	3	2	0	2	65	0	1	1	0
3233	1	2	1	0	2	65	0	1	1	0
3233	2	3	2	0	2	65	0	1	1	0
3234	1	2	1	0	2	65	0	1	1	0
3234	2	3	2	0	2	65	0	1	1	0
3235	1	2	1	0	2	65	0	1	1	0
3235	2	3	2	0	2	65	0	1	1	0
3236	1	2	1	0	2	65	0	1	1	0
3236	2	3	2	0	2	65	0	1	1	0
3237	1	2	1	0	2	65	0	1	1	0
3237	2	3	2	0	2	65	0	1	1	0
3238	1	2	1	0	2	65	0	1	1	0
3238	2	3	2	0	2	65	0	1	1	0
3239	1	2	1	0	2	65	0	1	1	0
3239	2	3	2	0	2	65	0	1	1	0
3240	1	2	1	0	2	65	0	1	1	0
3241	1	2	1	0	2	65	0	1	1	0
3242	1	2	1	0	2	65	0	1	1	0
3243	1	2	1	0	2	65	0	1	1	0
3244	1	2	1	0	2	65	0	1	1	0
3245	1	2	1	0	2	65	0	1	1	0
3246	1	2	1	0	2	65	0	1	1	0
3247	1	2	1	0	2	65	0	1	1	0
3248	1	2	1	0	2	65	0	1	1	0
3248	1	1	2	0	10	261	0	1	1	0
3249	1	2	1	0	2	65	0	1	1	0
3249	1	1	2	0	10	261	0	1	1	0
3250	1	2	1	0	2	65	0	1	1	0
3250	1	1	2	0	10	261	0	1	1	0
3251	1	2	1	0	2	65	0	1	1	0
3251	1	1	2	0	10	261	0	1	1	0
3252	1	2	1	0	2	65	0	1	1	0
3252	1	1	2	0	10	261	0	1	1	0
3253	1	2	1	0	2	65	0	1	1	0
3253	1	1	2	0	10	261	0	1	1	0
3254	1	2	1	0	2	65	0	1	1	0
3254	1	1	2	0	10	261	0	1	1	0
3255	1	2	1	0	2	65	0	1	1	0
3255	1	1	2	0	10	261	0	1	1	0
3256	1	2	1	0	2	65	0	1	1	0
3256	1	1	2	0	10	261	0	1	1	0
3257	1	2	1	0	2	137	0	1	1	0
3258	1	2	1	0	2	137	0	1	1	0
3259	1	2	1	0	2	137	0	1	1	0
3260	1	2	1	0	2	137	0	1	1	0
3261	1	2	1	0	2	137	0	1	1	0
3262	1	2	1	0	2	137	0	1	1	0
3263	1	2	1	0	2	137	0	1	1	0
3264	1	2	1	0	2	137	0	1	1	0
3321	1	2	1	0	10	261	0	1	1	0
3321	2	4	1	0	0	26	0	1	1	0
3321	2	5	3	0	28	749	0	1	0	0
3322	1	2	1	0	10	261	0	1	1	0
3322	2	4	1	0	0	26	0	1	1	0
3322	2	5	3	0	28	749	0	1	0	0
3323	1	2	1	0	10	261	0	1	1	0
3323	2	4	1	0	0	26	0	1	1	0
3323	2	5	3	0	28	749	0	1	0	0
3324	1	2	1	0	10	261	0	1	1	0
3325	1	2	1	0	10	261	0	1	1	0
3326	1	2	1	0	10	261	0	1	1	0
3327	1	2	1	0	2	65	0	1	1	0
3328	1	2	1	0	2	65	0	1	1	0
3328	2	3	2	0	4	69	0	1	1	0
3328	2	5	3	0	28	749	1	0	1	0
3329	1	2	1	0	2	65	0	1	1	0
3329	2	3	2	0	4	69	0	1	1	0
3329	2	5	3	0	28	749	1	0	1	0
3330	1	2	1	0	2	65	0	1	1	0
3330	2	3	2	0	4	69	0	1	1	0
3330	2	5	3	0	28	749	1	0	1	0
3331	1	2	1	0	2	65	0	1	1	0
3331	2	3	2	0	4	105	0	1	1	0
3332	1	2	1	0	2	65	0	1	1	0
3332	2	3	2	0	4	105	0	1	1	0
3333	1	2	1	0	2	65	0	1	1	0
3333	2	3	2	0	4	105	0	1	1	0
3334	1	2	1	0	2	65	0	1	1	0
3334	2	3	2	0	4	105	0	1	1	0
3335	1	2	1	0	2	65	0	1	1	0
3335	2	3	2	0	4	105	0	1	1	0
3336	2	3	2	0	4	105	0	1	1	0
3337	2	3	2	0	4	105	0	1	1	0
3338	2	3	2	0	4	105	0	1	1	0
3339	2	3	2	0	4	105	0	1	1	0
3340	2	3	2	0	4	105	0	1	1	0
3341	2	3	2	0	4	105	0	1	1	0
3342	2	3	2	0	4	105	0	1	1	0
3343	2	3	2	0	4	105	0	1	1	0
3344	2	3	2	0	4	105	0	1	1	0
3345	2	3	2	0	4	105	0	1	1	0
3346	2	3	2	0	4	105	0	1	1	0
3347	2	3	2	0	4	105	0	1	1	0
3348	2	3	2	0	4	105	0	1	1	0
3349	2	3	2	0	4	105	0	1	1	0
3471	2	3	2	0	6	101	0	1	1	0
3471	2	5	3	0	18	357	0	1	1	0
3472	2	3	2	0	6	101	0	1	1	0
3472	2	5	3	0	18	357	0	1	1	0
3473	2	3	2	0	6	101	0	1	1	0
3473	2	5	3	0	18	357	0	1	1	0
3474	2	3	2	0	6	101	0	1	1	0
3474	2	5	3	0	18	357	0	1	0	0
3475	2	3	2	0	6	101	0	1	1	0
3475	2	5	3	0	18	357	0	1	1	0
3476	2	3	2	0	6	101	0	1	1	0
3476	2	5	3	0	18	357	0	1	0	0
3477	2	3	2	0	4	105	0	1	1	0
3478	2	3	2	0	4	105	0	1	1	0
3479	2	3	2	0	4	105	0	1	1	0
3480	2	3	2	0	4	105	0	1	1	0
3481	2	3	2	0	4	105	0	1	1	0
3482	2	3	2	0	4	105	0	1	1	0
3483	2	3	2	0	4	105	0	1	1	0
3484	2	3	2	0	4	105	0	1	1	0
3485	2	3	2	0	4	105	0	1	1	0
3486	2	3	2	0	4	105	0	1	1	0
3487	2	3	2	0	4	105	0	1	1	0
3488	2	3	2	0	6	153	0	1	1	0
3489	2	3	2	0	6	153	0	1	1	0
3490	2	3	2	0	6	153	0	1	1	0
3493	2	5	3	0	28	1095	0	1	1	0
3527	1	2	1	0	2	65	0	1	1	0
3528	1	2	1	0	2	65	0	1	1	0
3528	1	1	2	0	2	65	0	1	1	0
3529	1	2	1	0	2	65	0	1	1	0
3529	1	1	2	0	2	65	0	1	1	0
3530	1	2	1	0	2	65	0	1	1	0
3530	1	1	2	0	2	65	0	1	1	0
3531	1	2	1	0	2	65	0	1	1	0
3531	1	1	2	0	2	65	0	1	1	0
3532	1	2	1	0	2	65	0	1	1	0
3532	1	1	2	0	2	65	0	1	1	0
3533	1	2	1	0	2	65	0	1	1	0
3533	1	1	2	0	2	65	0	1	1	0
3534	1	2	1	0	2	65	0	1	1	0
3534	1	1	2	0	2	65	0	1	1	0
3535	1	2	1	0	2	65	0	1	1	0
3535	1	1	2	0	2	65	0	1	1	0
3536	1	2	1	0	2	65	0	1	1	0
3536	1	1	2	0	2	65	0	1	1	0
3537	1	2	1	0	2	65	0	1	1	0
3537	1	1	2	0	2	65	0	1	1	0
3538	1	2	1	0	2	65	0	1	1	0
3538	1	1	2	0	2	65	0	1	1	0
3539	1	2	1	0	2	65	0	1	1	0
3539	1	1	2	0	2	65	0	1	1	0
3540	1	2	1	0	2	65	0	1	1	0
3540	1	1	2	0	2	65	0	1	1	0
3541	1	2	1	0	2	65	0	1	1	0
3541	1	1	2	0	2	65	0	1	1	0
3542	1	2	1	0	2	65	0	1	1	0
3542	1	1	2	0	2	65	0	1	1	0
3543	1	2	1	0	2	65	0	1	1	0
3543	1	1	2	0	2	65	0	1	1	0
3544	1	2	1	0	2	65	0	1	1	0
3544	1	1	2	0	2	65	0	1	1	0
3545	1	2	1	0	2	65	0	1	1	0
3545	1	1	2	0	2	65	0	1	1	0
3546	1	2	1	0	2	65	0	1	1	0
3546	1	1	2	0	2	65	0	1	1	0
3547	1	2	1	0	2	65	0	1	1	0
3547	1	1	2	0	2	65	0	1	1	0
3548	1	2	1	0	2	65	0	1	1	0
3548	1	1	2	0	2	65	0	1	1	0
3549	1	2	1	0	2	65	0	1	1	0
3549	1	1	2	0	2	65	0	1	1	0
3550	1	2	1	0	2	65	0	1	1	0
3550	1	1	2	0	2	65	0	1	1	0
3551	1	2	1	0	2	65	0	1	1	0
3551	1	1	2	0	2	65	0	1	1	0
3552	1	2	1	0	2	65	0	1	1	0
3552	1	1	2	0	2	65	0	1	1	0
3553	1	2	1	0	2	65	0	1	1	0
3553	1	1	2	0	2	65	0	1	1	0
3554	1	2	1	0	2	65	0	1	1	0
3554	1	1	2	0	2	65	0	1	1	0
3555	1	2	1	0	2	65	0	1	1	0
3555	1	1	2	0	2	65	0	1	1	0
3556	1	2	1	0	2	65	0	1	1	0
3556	1	1	2	0	2	65	0	1	1	0
3557	1	2	1	0	2	65	0	1	1	0
3557	1	1	2	0	2	65	0	1	1	0
3558	1	2	1	0	2	65	0	1	1	0
3558	1	1	2	0	2	65	0	1	1	0
3559	1	2	1	0	2	65	0	1	1	0
3559	1	1	2	0	2	65	0	1	1	0
3560	1	2	1	0	2	65	0	1	1	0
3560	1	1	2	0	2	65	0	1	1	0
3561	1	1	2	0	2	137	0	1	1	0
3562	1	1	2	0	2	137	0	1	1	0
3563	1	1	2	0	2	137	0	1	1	0
3564	1	1	2	0	2	137	0	1	1	0
3565	1	1	2	0	2	137	0	1	1	0
3566	1	1	2	0	2	137	0	1	1	0
3567	1	1	2	0	2	137	0	1	1	0
3568	1	1	2	0	2	137	0	1	1	0
3569	1	1	2	0	2	137	0	1	1	0
3570	1	1	2	0	2	137	0	1	1	0
3571	1	1	2	0	2	137	0	1	1	0
3572	1	1	2	0	2	137	0	1	1	0
3573	1	1	2	0	2	137	0	1	1	0
3574	1	1	2	0	2	137	0	1	1	0
3575	1	1	2	0	2	137	0	1	1	0
3576	1	1	2	0	2	137	0	1	1	0
3621	1	2	1	0	0	41	0	1	1	0
3621	2	5	3	0	28	749	0	1	0	0
3622	1	2	1	0	0	41	0	1	1	0
3622	2	5	3	0	28	749	0	1	0	0
3623	1	2	1	0	0	41	0	1	1	0
3623	2	5	3	0	28	749	0	1	0	0
3624	1	2	1	0	0	41	0	1	1	0
3625	1	2	1	0	0	41	0	1	1	0
3626	1	2	1	0	0	41	0	1	1	0
3627	1	2	1	0	0	41	0	1	1	0
3628	1	2	1	0	0	41	0	1	1	0
3628	2	5	3	0	28	749	1	0	0	0
3629	1	2	1	0	0	41	0	1	1	0
3629	2	5	3	0	28	749	1	0	1	0
3630	1	2	1	0	0	41	0	1	1	0
3630	2	5	3	0	28	749	1	0	1	0
3631	1	2	1	0	0	41	0	1	1	0
3632	1	2	1	0	0	41	0	1	1	0
3633	1	2	1	0	0	41	0	1	1	0
3634	1	2	1	0	0	41	0	1	1	0
3635	1	2	1	0	0	41	0	1	1	0
3635	2	5	3	0	28	749	2	0	1	0
3636	1	2	1	0	0	41	0	1	1	0
3637	1	2	1	0	0	41	0	1	1	0
3638	1	2	1	0	0	41	0	1	1	0
3639	1	2	1	0	0	41	0	1	1	0
3640	1	2	1	0	0	41	0	1	1	0
3641	1	2	1	0	0	41	0	1	1	0
3642	1	2	1	0	0	41	0	1	1	0
3643	1	2	1	0	0	41	0	1	1	0
3644	1	2	1	0	0	41	0	1	1	0
3645	1	2	1	0	0	41	0	1	1	0
3646	1	2	1	0	0	41	0	1	1	0
3647	1	2	1	0	8	209	0	1	1	0
3647	2	4	1	0	0	41	0	1	1	0
3648	1	2	1	0	8	209	0	1	1	0
3648	2	4	1	0	0	41	0	1	1	0
3649	1	2	1	0	8	209	0	1	1	0
3649	2	4	1	0	0	41	0	1	1	0
3650	1	2	1	0	8	209	0	1	1	0
3650	2	4	1	0	0	41	0	1	1	0
3651	1	2	1	0	8	209	0	1	1	0
3651	2	4	1	0	0	41	0	1	1	0
3652	1	2	1	0	8	209	0	1	1	0
3652	2	4	1	0	0	41	0	1	1	0
3653	2	4	1	0	0	41	0	1	1	0
3654	2	4	1	0	0	41	0	1	1	0
3655	2	4	1	0	0	41	0	1	1	0
3656	2	4	1	0	0	41	0	1	1	0
3657	2	4	1	0	0	41	0	1	1	0
3658	2	4	1	0	0	41	0	1	1	0
3659	2	4	1	0	0	41	0	1	1	0
3660	2	4	1	0	0	41	0	1	1	0
3661	2	4	1	0	0	41	0	1	1	0
3662	2	4	1	0	0	41	0	1	1	0
3663	2	4	1	0	0	41	0	1	1	0
3664	2	4	1	0	0	41	0	1	1	0
3665	2	4	1	0	0	41	0	1	1	0
3666	2	4	1	0	0	41	0	1	1	0
3667	2	4	1	0	0	41	0	1	1	0
3668	2	4	1	0	0	41	0	1	1	0
3669	2	4	1	0	0	41	0	1	1	0
3670	2	4	1	0	0	41	0	1	1	0
3671	2	4	1	0	0	41	0	1	1	0
3672	2	4	1	0	0	41	0	1	1	0
3673	2	4	1	0	0	41	0	1	1	0
3674	2	4	1	0	0	41	0	1	1	0
3675	2	4	1	0	0	41	0	1	1	0
3676	2	4	1	0	0	41	0	1	1	0
3677	2	4	1	0	0	41	0	1	1	0
3678	2	4	1	0	0	41	0	1	1	0
3679	2	4	1	0	0	41	0	1	1	0
3680	2	4	1	0	0	41	0	1	1	0
3681	2	4	1	0	0	41	0	1	1	0
3682	2	4	1	0	0	41	0	1	1	0
3683	2	4	1	0	0	41	0	1	1	0
3684	2	4	1	0	0	41	0	1	1	0
3685	2	4	1	0	0	41	0	1	1	0
3686	2	4	1	0	0	41	0	1	1	0
3771	2	5	3	0	28	749	0	1	1	0
3772	2	5	3	0	28	749	0	1	1	0
3773	2	5	3	0	28	749	0	1	1	0
3808	2	3	2	0	8	209	0	1	1	0
3809	2	3	2	0	8	209	0	1	1	0
3810	2	3	2	0	8	209	0	1	1	0
3811	2	3	2	0	8	209	0	1	1	0
3812	2	3	2	0	8	209	0	1	1	0
3813	2	3	2	0	8	209	0	1	1	0
3814	2	3	2	0	8	209	0	1	1	0
3815	2	3	2	0	8	209	0	1	1	0
3816	2	3	2	0	8	209	0	1	1	0
3817	2	3	2	0	8	209	0	1	1	0
3818	2	3	2	0	8	209	0	1	1	0
3819	2	3	2	0	8	209	0	1	1	0
3820	2	3	2	0	8	209	0	1	1	0
3821	2	3	2	0	8	209	0	1	1	0
3822	2	3	2	0	8	209	0	1	1	0
3823	2	3	2	0	8	209	0	1	1	0
3824	2	3	2	0	8	209	0	1	1	0
3825	2	3	2	0	8	209	0	1	1	0
3826	2	3	2	0	8	209	0	1	1	0
3827	2	3	2	0	8	209	0	1	1	0
3828	2	3	2	0	8	209	0	1	1	0
3847	1	2	1	0	0	41	0	1	1	0
3848	1	2	1	0	0	41	0	1	1	0
3849	1	2	1	0	0	41	0	1	1	0
3850	1	2	1	0	0	41	0	1	1	0
3851	1	2	1	0	0	41	0	1	1	0
3852	1	2	1	0	0	41	0	1	1	0
3853	1	2	1	0	0	41	0	1	1	0
3854	1	2	1	0	0	41	0	1	1	0
3855	1	2	1	0	0	41	0	1	1	0
3856	1	2	1	0	0	41	0	1	1	0
3857	1	2	1	0	0	41	0	1	1	0
3858	1	2	1	0	0	41	0	1	1	0
3859	1	2	1	0	0	41	0	1	1	0
3860	1	2	1	0	0	41	0	1	1	0
3861	1	2	1	0	0	41	0	1	1	0
3862	1	2	1	0	0	41	0	1	1	0
3863	1	2	1	0	0	41	0	1	1	0
3864	1	2	1	0	0	41	0	1	1	0
3865	1	2	1	0	0	41	0	1	1	0
3866	1	2	1	0	0	41	0	1	1	0
3867	1	2	1	0	0	41	0	1	1	0
3868	1	2	1	0	0	41	0	1	1	0
3869	1	2	1	0	0	41	0	1	1	0
3870	1	2	1	0	0	41	0	1	1	0
3871	1	2	1	0	0	41	0	1	1	0
3872	1	2	1	0	0	41	0	1	1	0
3873	1	2	1	0	0	41	0	1	1	0
3874	1	2	1	0	0	41	0	1	1	0
3875	1	2	1	0	0	41	0	1	1	0
3876	1	2	1	0	0	41	0	1	1	0
3877	1	2	1	0	0	41	0	1	1	0
3878	1	2	1	0	0	41	0	1	1	0
3879	1	2	1	0	0	41	0	1	1	0
3880	1	2	1	0	0	41	0	1	1	0
3881	1	2	1	0	0	41	0	1	1	0
3882	1	2	1	0	0	41	0	1	1	0
3883	1	2	1	0	0	41	0	1	1	0
3884	1	2	1	0	0	41	0	1	1	0
3885	1	2	1	0	0	41	0	1	1	0
3886	1	2	1	0	0	41	0	1	1	0
3921	2	4	1	0	0	26	0	1	1	0
3921	2	5	3	0	28	749	0	1	1	0
3922	2	4	1	0	0	26	0	1	1	0
3922	2	5	3	0	28	749	0	1	1	0
3923	2	4	1	0	0	26	0	1	1	0
3923	2	5	3	0	28	749	0	1	1	0
3928	2	3	2	0	8	209	0	1	1	0
3929	2	3	2	0	8	209	0	1	1	0
3930	2	3	2	0	8	209	0	1	1	0
3931	2	3	2	0	8	209	0	1	1	0
3932	2	3	2	0	8	209	0	1	1	0
3933	2	3	2	0	8	209	0	1	1	0
3934	2	3	2	0	8	209	0	1	1	0
3935	2	3	2	0	8	209	0	1	1	0
3936	2	3	2	0	8	209	0	1	1	0
3937	2	3	2	0	8	209	0	1	1	0
3938	2	3	2	0	8	209	0	1	1	0
3967	2	4	1	0	0	85	0	1	1	0
3968	2	4	1	0	0	85	0	1	1	0
3969	2	4	1	0	0	85	0	1	1	0
3970	2	4	1	0	0	85	0	1	1	0
3971	2	4	1	0	0	85	0	1	1	0
3972	2	4	1	0	0	85	0	1	1	0
3973	2	4	1	0	0	85	0	1	1	0
3974	2	4	1	0	0	85	0	1	1	0
3975	2	4	1	0	0	85	0	1	1	0
3977	2	4	1	0	0	85	0	1	1	0
3979	2	4	1	0	0	85	0	1	1	0
3980	2	4	1	0	0	85	0	1	1	0
3981	2	4	1	0	0	85	0	1	1	0
3982	2	4	1	0	0	85	0	1	1	0
3984	2	4	1	0	0	85	0	1	1	0
3986	2	4	1	0	0	85	0	1	1	0
3989	2	4	1	0	0	85	0	1	1	0
3991	2	4	1	0	0	85	0	1	1	0
3992	2	4	1	0	0	85	0	1	1	0
3993	2	4	1	0	0	85	0	1	1	0
3995	2	4	1	0	0	85	0	1	1	0
3996	2	4	1	0	0	85	0	1	1	0
3997	2	4	1	0	0	85	0	1	1	0
3998	2	4	1	0	0	85	0	1	1	0
3999	2	4	1	0	0	85	0	1	1	0
4001	2	4	1	0	0	85	0	1	1	0
4002	2	4	1	0	0	85	0	1	1	0
4003	2	4	1	0	0	85	0	1	1	0
4004	2	4	1	0	0	85	0	1	1	0
4005	2	4	1	0	0	85	0	1	1	0
4006	2	4	1	0	0	85	0	1	1	0
4047	1	2	1	0	0	41	0	1	1	0
4048	1	2	1	0	0	41	0	1	1	0
4048	1	1	2	0	4	105	0	1	1	0
4049	1	2	1	0	0	41	0	1	1	0
4049	1	1	2	0	4	105	0	1	1	0
4050	1	2	1	0	0	41	0	1	1	0
4050	1	1	2	0	4	105	0	1	1	0
4051	1	2	1	0	0	41	0	1	1	0
4051	1	1	2	0	4	105	0	1	1	0
4052	1	2	1	0	0	41	0	1	1	0
4052	1	1	2	0	4	105	0	1	1	0
4053	1	2	1	0	0	41	0	1	1	0
4053	1	1	2	0	4	105	0	1	1	0
4054	1	2	1	0	0	41	0	1	1	0
4054	1	1	2	0	4	105	0	1	1	0
4055	1	2	1	0	0	41	0	1	1	0
4055	1	1	2	0	4	105	0	1	1	0
4056	1	2	1	0	0	41	0	1	1	0
4056	1	1	2	0	4	105	0	1	1	0
4057	1	2	1	0	0	41	0	1	1	0
4057	1	1	2	0	4	105	0	1	1	0
4058	1	2	1	0	0	41	0	1	1	0
4058	1	1	2	0	4	105	0	1	1	0
4059	1	2	1	0	0	41	0	1	1	0
4059	1	1	2	0	4	105	0	1	1	0
4060	1	2	1	0	0	41	0	1	1	0
4060	1	1	2	0	4	105	0	1	1	0
4061	1	2	1	0	0	41	0	1	1	0
4061	1	1	2	0	4	105	0	1	1	0
4062	1	2	1	0	0	41	0	1	1	0
4062	1	1	2	0	4	105	0	1	1	0
4063	1	2	1	0	0	41	0	1	1	0
4063	1	1	2	0	4	105	0	1	1	0
4064	1	2	1	0	0	41	0	1	1	0
4064	1	1	2	0	4	105	0	1	1	0
4065	1	2	1	0	0	41	0	1	1	0
4065	1	1	2	0	4	105	0	1	1	0
4066	1	2	1	0	0	41	0	1	1	0
4066	1	1	2	0	4	105	0	1	1	0
4067	1	2	1	0	0	41	0	1	1	0
4067	1	1	2	0	4	105	0	1	1	0
4068	1	2	1	0	0	41	0	1	1	0
4068	1	1	2	0	4	105	0	1	1	0
4069	1	2	1	0	0	41	0	1	1	0
4069	1	1	2	0	4	105	0	1	1	0
4070	1	2	1	0	0	41	0	1	1	0
4070	1	1	2	0	4	105	0	1	1	0
4071	1	2	1	0	0	41	0	1	1	0
4071	1	1	2	0	4	105	0	1	1	0
4071	2	3	2	0	2	41	0	1	1	0
4071	2	5	3	0	28	749	0	1	0	0
4072	1	2	1	0	0	41	0	1	1	0
4072	1	1	2	0	4	105	0	1	1	0
4072	2	3	2	0	2	41	0	1	1	0
4072	2	5	3	0	28	749	0	1	0	0
4073	1	2	1	0	0	41	0	1	1	0
4073	1	1	2	0	4	105	0	1	1	0
4073	2	3	2	0	2	41	0	1	1	0
4073	2	5	3	0	28	749	0	1	0	0
4074	1	2	1	0	0	41	0	1	1	0
4074	1	1	2	0	4	105	0	1	1	0
4074	2	3	2	0	2	65	0	1	1	0
4075	1	2	1	0	0	41	0	1	1	0
4075	1	1	2	0	4	105	0	1	1	0
4075	2	3	2	0	2	65	0	1	1	0
4076	1	2	1	0	0	41	0	1	1	0
4076	1	1	2	0	4	105	0	1	1	0
4076	2	3	2	0	2	65	0	1	1	0
4077	1	2	1	0	0	41	0	1	1	0
4077	1	1	2	0	4	105	0	1	1	0
4077	2	3	2	0	2	65	0	1	1	0
4078	1	2	1	0	0	41	0	1	1	0
4078	1	1	2	0	4	105	0	1	1	0
4078	2	3	2	0	2	65	0	1	1	0
4079	1	2	1	0	0	41	0	1	1	0
4079	1	1	2	0	4	105	0	1	1	0
4079	2	3	2	0	2	65	0	1	1	0
4080	1	2	1	0	0	41	0	1	1	0
4080	1	1	2	0	4	105	0	1	1	0
4080	2	3	2	0	2	65	0	1	1	0
4081	1	2	1	0	0	41	0	1	1	0
4081	1	1	2	0	4	105	0	1	1	0
4081	2	3	2	0	2	65	0	1	1	0
4082	1	2	1	0	0	41	0	1	1	0
4082	1	1	2	0	4	105	0	1	1	0
4082	2	3	2	0	2	65	0	1	1	0
4083	1	2	1	0	0	41	0	1	1	0
4083	1	1	2	0	4	105	0	1	1	0
4083	2	3	2	0	2	65	0	1	1	0
4084	1	2	1	0	0	41	0	1	1	0
4084	1	1	2	0	4	105	0	1	1	0
4084	2	3	2	0	2	65	0	1	1	0
4085	1	2	1	0	0	41	0	1	1	0
4085	1	1	2	0	4	105	0	1	1	0
4085	2	3	2	0	2	65	0	1	1	0
4086	1	2	1	0	0	41	0	1	1	0
4086	1	1	2	0	4	105	0	1	1	0
4086	2	3	2	0	2	65	0	1	1	0
4087	1	1	2	0	4	105	0	1	1	0
4087	2	3	2	0	2	65	0	1	1	0
4088	1	1	2	0	8	209	0	1	1	0
4089	1	1	2	0	8	209	0	1	1	0
4090	1	1	2	0	8	209	0	1	1	0
4091	1	1	2	0	8	209	0	1	1	0
4092	1	1	2	0	8	209	0	1	1	0
4093	1	1	2	0	8	209	0	1	1	0
4094	1	1	2	0	8	209	0	1	1	0
4095	1	1	2	0	8	209	0	1	1	0
4096	1	1	2	0	8	209	0	1	1	0
4097	1	1	2	0	8	209	0	1	1	0
4098	1	1	2	0	8	209	0	1	1	0
4099	1	1	2	0	8	209	0	1	1	0
4100	1	1	2	0	8	209	0	1	1	0
4101	1	1	2	0	8	209	0	1	1	0
4102	1	1	2	0	8	209	0	1	1	0
4103	1	1	2	0	8	209	0	1	1	0
4104	1	1	2	0	8	209	0	1	1	0
4105	1	1	2	0	8	209	0	1	1	0
4106	1	1	2	0	8	209	0	1	1	0
4107	1	1	2	0	8	209	0	1	1	0
4108	1	1	2	0	8	209	0	1	1	0
4127	1	2	1	0	2	137	0	1	1	0
4129	1	2	1	0	2	137	0	1	1	0
4130	1	2	1	0	2	137	0	1	1	0
4131	1	2	1	0	2	137	0	1	1	0
4132	1	2	1	0	2	137	0	1	1	0
4133	1	2	1	0	2	137	0	1	1	0
4134	1	2	1	0	2	137	0	1	1	0
4135	1	2	1	0	2	137	0	1	1	0
4136	1	2	1	0	2	137	0	1	1	0
4137	1	2	1	0	2	137	0	1	1	0
4138	1	2	1	0	2	137	0	1	1	0
4139	1	2	1	0	2	137	0	1	1	0
4140	1	2	1	0	2	137	0	1	1	0
4141	1	2	1	0	2	137	0	1	1	0
4142	1	2	1	0	2	137	0	1	1	0
4143	1	2	1	0	2	137	0	1	1	0
4144	1	2	1	0	2	137	0	1	1	0
4145	1	2	1	0	2	137	0	1	1	0
4146	1	2	1	0	2	137	0	1	1	0
4147	1	2	1	0	2	137	0	1	1	0
4148	1	2	1	0	2	137	0	1	1	0
4149	1	2	1	0	2	137	0	1	1	0
4150	1	2	1	0	2	137	0	1	1	0
4151	1	2	1	0	2	137	0	1	1	0
4221	1	1	2	0	18	549	0	1	1	0
4221	2	5	3	0	28	749	0	1	0	0
4222	1	1	2	0	18	549	0	1	1	0
4222	2	5	3	0	28	749	0	1	0	0
4223	1	1	2	0	18	549	0	1	1	0
4223	2	5	3	0	28	749	0	1	0	0
4224	1	1	2	0	18	549	0	1	1	0
4224	2	5	3	0	28	749	0	1	0	0
4225	2	5	3	0	28	749	0	1	1	0
4226	2	5	3	0	28	749	0	1	1	0
4228	2	5	3	0	28	749	1	0	1	0
4229	2	5	3	0	28	749	1	0	1	0
4230	2	5	3	0	28	749	1	0	1	0
4231	2	5	3	0	28	749	1	0	1	0
4327	2	4	1	0	0	41	0	1	1	0
4328	2	4	1	0	0	41	0	1	1	0
4328	2	3	2	0	2	65	0	1	1	0
4329	2	4	1	0	0	41	0	1	1	0
4329	2	3	2	0	2	65	0	1	1	0
4330	2	4	1	0	0	41	0	1	1	0
4330	2	3	2	0	2	65	0	1	1	0
4331	2	4	1	0	0	41	0	1	1	0
4331	2	3	2	0	2	65	0	1	1	0
4332	2	4	1	0	0	41	0	1	1	0
4332	2	3	2	0	2	65	0	1	1	0
4333	2	4	1	0	0	41	0	1	1	0
4333	2	3	2	0	2	65	0	1	1	0
4334	2	4	1	0	0	41	0	1	1	0
4334	2	3	2	0	2	65	0	1	1	0
4335	2	4	1	0	0	41	0	1	1	0
4335	2	3	2	0	2	65	0	1	1	0
4336	2	4	1	0	0	41	0	1	1	0
4336	2	3	2	0	2	65	0	1	1	0
4337	2	4	1	0	0	41	0	1	1	0
4337	2	3	2	0	2	65	0	1	1	0
4338	2	4	1	0	0	41	0	1	1	0
4338	2	3	2	0	2	65	0	1	1	0
4339	2	4	1	0	0	41	0	1	1	0
4339	2	3	2	0	2	65	0	1	1	0
4340	2	4	1	0	0	41	0	1	1	0
4340	2	3	2	0	2	65	0	1	1	0
4341	2	4	1	0	0	41	0	1	1	0
4341	2	3	2	0	2	65	0	1	1	0
4342	2	4	1	0	0	41	0	1	1	0
4342	2	3	2	0	2	65	0	1	1	0
4343	2	4	1	0	0	41	0	1	1	0
4343	2	3	2	0	2	65	0	1	1	0
4344	2	4	1	0	0	41	0	1	1	0
4344	2	3	2	0	2	65	0	1	1	0
4345	2	4	1	0	0	41	0	1	1	0
4345	2	3	2	0	2	65	0	1	1	0
4346	2	4	1	0	0	41	0	1	1	0
4346	2	3	2	0	2	65	0	1	1	0
4347	2	4	1	0	0	41	0	1	1	0
4347	2	3	2	0	2	65	0	1	1	0
4348	2	4	1	0	0	41	0	1	1	0
4348	2	3	2	0	2	65	0	1	1	0
4349	2	4	1	0	0	41	0	1	1	0
4349	2	3	2	0	2	65	0	1	1	0
4350	2	4	1	0	0	41	0	1	1	0
4350	2	3	2	0	2	65	0	1	1	0
4351	2	4	1	0	0	41	0	1	1	0
4351	2	3	2	0	2	65	0	1	1	0
4352	2	4	1	0	0	41	0	1	1	0
4352	2	3	2	0	2	65	0	1	1	0
4353	2	4	1	0	0	41	0	1	1	0
4353	2	3	2	0	2	65	0	1	1	0
4354	2	4	1	0	0	41	0	1	1	0
4354	2	3	2	0	2	65	0	1	1	0
4355	2	4	1	0	0	41	0	1	1	0
4355	2	3	2	0	2	65	0	1	1	0
4356	2	4	1	0	0	41	0	1	1	0
4356	2	3	2	0	2	65	0	1	1	0
4357	2	4	1	0	0	41	0	1	1	0
4357	2	3	2	0	2	65	0	1	1	0
4358	2	4	1	0	0	41	0	1	1	0
4358	2	3	2	0	2	65	0	1	1	0
4359	2	4	1	0	0	41	0	1	1	0
4359	2	3	2	0	2	65	0	1	1	0
4360	2	4	1	0	0	41	0	1	1	0
4360	2	3	2	0	2	65	0	1	1	0
4361	2	4	1	0	0	41	0	1	1	0
4361	2	3	2	0	2	65	0	1	1	0
4362	2	4	1	0	0	41	0	1	1	0
4362	2	3	2	0	2	65	0	1	1	0
4363	2	4	1	0	0	41	0	1	1	0
4363	2	3	2	0	2	65	0	1	1	0
4364	2	4	1	0	0	41	0	1	1	0
4364	2	3	2	0	2	65	0	1	1	0
4365	2	4	1	0	0	41	0	1	1	0
4365	2	3	2	0	2	65	0	1	1	0
4366	2	4	1	0	0	41	0	1	1	0
4366	2	3	2	0	2	65	0	1	1	0
4367	2	3	2	0	2	65	0	1	1	0
4368	2	3	2	0	2	65	0	1	1	0
4369	2	3	2	0	2	65	0	1	1	0
4370	2	3	2	0	2	65	0	1	1	0
4371	1	2	1	0	2	65	0	1	1	0
4371	2	3	2	0	2	41	0	1	1	0
4371	2	5	3	0	28	749	0	1	0	0
4372	1	2	1	0	2	65	0	1	1	0
4372	2	3	2	0	2	41	0	1	1	0
4372	2	5	3	0	28	749	0	1	0	0
4373	1	2	1	0	2	65	0	1	1	0
4373	2	3	2	0	2	41	0	1	1	0
4373	2	5	3	0	28	749	0	1	0	0
4374	1	2	1	0	2	65	0	1	1	0
4374	2	3	2	0	2	65	0	1	1	0
4375	2	3	2	0	2	65	0	1	1	0
4376	1	2	1	0	2	65	0	1	1	0
4376	2	3	2	0	2	65	0	1	1	0
4377	1	2	1	0	2	65	0	1	1	0
4377	2	3	2	0	2	65	0	1	1	0
4378	1	2	1	0	2	65	0	1	1	0
4378	2	3	2	0	2	65	0	1	1	0
4379	2	3	2	0	2	41	0	1	1	0
4379	2	5	3	0	28	749	1	0	0	0
4380	1	2	1	0	2	65	0	1	1	0
4380	2	3	2	0	2	41	0	1	1	0
4380	2	5	3	0	28	749	1	0	1	0
4381	1	2	1	0	2	65	0	1	1	0
4381	2	3	2	0	2	65	0	1	1	0
4382	1	2	1	0	2	65	0	1	1	0
4382	2	3	2	0	2	65	0	1	1	0
4383	1	2	1	0	2	65	0	1	1	0
4383	2	3	2	0	2	65	0	1	1	0
4384	1	2	1	0	2	65	0	1	1	0
4384	2	3	2	0	2	65	0	1	1	0
4385	1	2	1	0	2	65	0	1	1	0
4385	2	3	2	0	2	65	0	1	1	0
4386	1	2	1	0	2	65	0	1	1	0
4386	2	3	2	0	2	65	0	1	1	0
4387	1	2	1	0	2	65	0	1	1	0
4387	2	3	2	0	2	65	0	1	1	0
4388	1	2	1	0	2	65	0	1	1	0
4388	2	3	2	0	2	65	0	1	1	0
4389	1	2	1	0	2	65	0	1	1	0
4389	2	3	2	0	2	65	0	1	1	0
4390	1	2	1	0	2	65	0	1	1	0
4390	2	3	2	0	2	65	0	1	1	0
4391	1	2	1	0	2	65	0	1	1	0
4391	2	3	2	0	2	41	0	1	1	0
4391	2	5	3	0	28	749	0	1	0	0
4392	1	2	1	0	2	65	0	1	1	0
4392	2	3	2	0	2	65	0	1	1	0
4393	1	2	1	0	2	65	0	1	1	0
4393	2	3	2	0	2	65	0	1	1	0
4394	1	2	1	0	2	65	0	1	1	0
4394	2	3	2	0	2	65	0	1	1	0
4395	1	2	1	0	2	65	0	1	1	0
4395	2	3	2	0	2	65	0	1	1	0
4396	1	2	1	0	2	65	0	1	1	0
4396	2	3	2	0	2	65	0	1	1	0
4397	1	2	1	0	2	65	0	1	1	0
4397	2	3	2	0	2	65	0	1	1	0
4398	1	2	1	0	2	65	0	1	1	0
4398	2	3	2	0	2	65	0	1	1	0
4399	1	2	1	0	2	65	0	1	1	0
4399	2	3	2	0	2	65	0	1	1	0
4400	1	2	1	0	2	65	0	1	1	0
4400	2	3	2	0	2	65	0	1	1	0
4401	1	2	1	0	2	65	0	1	1	0
4401	2	3	2	0	2	41	0	1	1	0
4401	2	5	3	0	28	749	0	1	0	0
4402	1	2	1	0	2	65	0	1	1	0
4402	2	3	2	0	2	65	0	1	1	0
4403	1	2	1	0	2	65	0	1	1	0
4403	2	3	2	0	2	65	0	1	1	0
4404	1	2	1	0	2	65	0	1	1	0
4404	2	3	2	0	2	65	0	1	1	0
4405	1	2	1	0	2	65	0	1	1	0
4405	2	3	2	0	2	65	0	1	1	0
4406	1	2	1	0	2	65	0	1	1	0
4406	2	3	2	0	2	65	0	1	1	0
4407	1	2	1	0	2	65	0	1	1	0
4407	2	3	2	0	2	65	0	1	1	0
4408	1	2	1	0	2	65	0	1	1	0
4408	2	3	2	0	8	137	0	1	1	0
4408	2	5	3	0	28	749	1	0	1	0
4409	1	2	1	0	2	65	0	1	1	0
4409	2	3	2	0	2	65	0	1	1	0
4410	1	2	1	0	2	65	0	1	1	0
4410	2	3	2	0	2	65	0	1	1	0
4411	1	2	1	0	2	65	0	1	1	0
4411	2	3	2	0	2	65	0	1	1	0
4412	1	2	1	0	2	65	0	1	1	0
4412	2	3	2	0	2	65	0	1	1	0
4413	1	2	1	0	2	65	0	1	1	0
4413	2	3	2	0	2	65	0	1	1	0
4414	1	2	1	0	2	65	0	1	1	0
4414	2	3	2	0	2	65	0	1	1	0
4415	1	2	1	0	2	65	0	1	1	0
4416	1	2	1	0	2	65	0	1	1	0
4417	1	2	1	0	2	65	0	1	1	0
4418	1	2	1	0	2	65	0	1	1	0
4419	1	2	1	0	2	65	0	1	1	0
4420	1	2	1	0	2	65	0	1	1	0
4421	1	2	1	0	2	65	0	1	1	0
4422	1	2	1	0	2	65	0	1	1	0
4423	1	2	1	0	2	65	0	1	1	0
4424	1	2	1	0	2	65	0	1	1	0
4425	1	2	1	0	2	65	0	1	1	0
4426	1	2	1	0	2	65	0	1	1	0
4427	1	2	1	0	2	65	0	1	1	0
4428	1	2	1	0	2	65	0	1	1	0
4429	1	2	1	0	2	65	0	1	1	0
4430	1	2	1	0	2	65	0	1	1	0
4431	1	2	1	0	2	65	0	1	1	0
4432	1	2	1	0	2	65	0	1	1	0
4433	1	2	1	0	2	65	0	1	1	0
4434	1	2	1	0	2	65	0	1	1	0
4435	1	2	1	0	2	65	0	1	1	0
4436	1	2	1	0	2	65	0	1	1	0
4437	1	2	1	0	2	65	0	1	1	0
4438	1	2	1	0	2	65	0	1	1	0
4439	1	2	1	0	2	65	0	1	1	0
4440	1	2	1	0	2	65	0	1	1	0
4521	1	2	1	0	8	209	0	1	1	0
4521	2	3	2	0	6	101	0	1	1	0
4521	2	5	3	0	26	621	0	1	0	0
4522	1	2	1	0	8	209	0	1	1	0
4522	2	3	2	0	6	101	0	1	1	0
4522	2	5	3	0	26	621	0	1	0	0
4523	1	2	1	0	8	209	0	1	1	0
4523	2	3	2	0	6	101	0	1	1	0
4523	2	5	3	0	26	621	0	1	0	0
4524	1	2	1	0	8	209	0	1	1	0
4524	2	3	2	0	6	101	0	1	1	0
4524	2	5	3	0	26	621	0	1	0	0
4525	1	2	1	0	8	209	0	1	1	0
4525	2	3	2	0	6	153	0	1	1	0
4526	1	2	1	0	8	209	0	1	1	0
4526	2	3	2	0	6	153	0	1	1	0
4527	2	4	1	0	0	41	0	1	1	0
4527	2	3	2	0	6	153	0	1	1	0
4528	2	4	1	0	4	69	0	1	1	0
4528	2	5	3	0	26	621	1	0	1	0
4529	2	4	1	0	4	69	0	1	1	0
4529	2	5	3	0	26	621	1	0	1	0
4530	2	4	1	0	4	69	0	1	1	0
4530	2	5	3	0	26	621	1	0	1	0
4531	2	4	1	0	4	69	0	1	1	0
4531	2	5	3	0	26	621	1	0	1	0
4532	2	4	1	0	0	41	0	1	1	0
4533	2	4	1	0	0	41	0	1	1	0
4534	2	4	1	0	0	41	0	1	1	0
4535	2	4	1	0	0	41	0	1	1	0
4536	2	4	1	0	0	41	0	1	1	0
4537	2	4	1	0	0	41	0	1	1	0
4538	2	4	1	0	0	41	0	1	1	0
4539	2	4	1	0	0	41	0	1	1	0
4540	2	4	1	0	0	41	0	1	1	0
4541	2	4	1	0	0	41	0	1	1	0
4542	2	4	1	0	0	41	0	1	1	0
4543	2	4	1	0	0	41	0	1	1	0
4544	2	4	1	0	0	41	0	1	1	0
4545	2	4	1	0	0	41	0	1	1	0
4546	2	4	1	0	0	41	0	1	1	0
4547	2	4	1	0	0	41	0	1	1	0
4548	2	4	1	0	0	41	0	1	1	0
4549	2	4	1	0	0	41	0	1	1	0
4550	2	4	1	0	0	41	0	1	1	0
4551	2	4	1	0	0	41	0	1	1	0
4552	2	4	1	0	0	41	0	1	1	0
4553	2	4	1	0	0	41	0	1	1	0
4554	2	4	1	0	0	41	0	1	1	0
4555	2	4	1	0	0	41	0	1	1	0
4556	2	4	1	0	0	41	0	1	1	0
4557	2	4	1	0	0	41	0	1	1	0
4558	2	4	1	0	0	41	0	1	1	0
4559	2	4	1	0	0	41	0	1	1	0
4560	2	4	1	0	0	41	0	1	1	0
4561	2	4	1	0	0	41	0	1	1	0
4562	2	4	1	0	0	41	0	1	1	0
4563	2	4	1	0	0	41	0	1	1	0
4564	2	4	1	0	0	41	0	1	1	0
4565	2	4	1	0	0	41	0	1	1	0
4566	2	4	1	0	0	41	0	1	1	0
4607	1	2	1	0	4	105	0	1	1	0
4608	1	2	1	0	4	105	0	1	1	0
4608	1	1	2	0	4	105	0	1	1	0
4609	1	2	1	0	4	105	0	1	1	0
4609	1	1	2	0	4	105	0	1	1	0
4610	1	2	1	0	4	105	0	1	1	0
4610	1	1	2	0	4	105	0	1	1	0
4611	1	2	1	0	4	105	0	1	1	0
4611	1	1	2	0	4	105	0	1	1	0
4612	1	2	1	0	4	105	0	1	1	0
4612	1	1	2	0	4	105	0	1	1	0
4613	1	2	1	0	4	105	0	1	1	0
4613	1	1	2	0	4	105	0	1	1	0
4614	1	2	1	0	4	105	0	1	1	0
4614	1	1	2	0	4	105	0	1	1	0
4615	1	2	1	0	4	105	0	1	1	0
4615	1	1	2	0	4	105	0	1	1	0
4616	1	2	1	0	4	105	0	1	0	0
4616	1	1	2	0	4	105	0	1	1	0
4617	1	2	1	0	4	105	0	1	0	0
4617	1	1	2	0	4	105	0	1	1	0
4618	1	2	1	0	4	105	0	1	0	0
4618	1	1	2	0	4	105	0	1	1	0
4619	1	2	1	0	4	105	0	1	0	0
4619	1	1	2	0	4	105	0	1	1	0
4620	1	2	1	0	4	105	0	1	0	0
4620	1	1	2	0	4	105	0	1	1	0
4621	1	2	1	0	4	105	0	1	0	0
4621	1	1	2	0	4	105	0	1	1	0
4622	1	2	1	0	4	105	0	1	0	0
4622	1	1	2	0	4	105	0	1	1	0
4623	1	2	1	0	4	105	0	1	0	0
4623	1	1	2	0	4	105	0	1	1	0
4624	1	1	2	0	4	225	0	1	1	0
4625	1	1	2	0	4	225	0	1	1	0
4626	1	1	2	0	4	225	0	1	1	0
4627	1	1	2	0	4	225	0	1	1	0
4628	1	1	2	0	4	225	0	1	1	0
4629	1	1	2	0	4	225	0	1	1	0
4630	1	1	2	0	4	225	0	1	1	0
4631	1	1	2	0	4	225	0	1	1	0
4632	1	1	2	0	4	225	0	1	1	0
4633	1	1	2	0	4	225	0	1	1	0
4634	1	1	2	0	4	225	0	1	1	0
4635	1	1	2	0	4	225	0	1	1	0
4648	2	3	2	0	4	105	0	1	1	0
4649	2	3	2	0	4	105	0	1	1	0
4650	2	3	2	0	4	105	0	1	1	0
4651	2	3	2	0	4	105	0	1	1	0
4652	2	3	2	0	4	105	0	1	1	0
4653	2	3	2	0	4	105	0	1	1	0
4654	2	3	2	0	4	105	0	1	1	0
4655	2	3	2	0	4	105	0	1	1	0
4656	2	3	2	0	4	105	0	1	1	0
4657	2	3	2	0	4	105	0	1	1	0
4658	2	3	2	0	4	105	0	1	1	0
4659	2	3	2	0	4	105	0	1	1	0
4660	2	3	2	0	4	105	0	1	1	0
4664	2	3	2	0	4	105	0	1	1	0
4665	2	3	2	0	4	105	0	1	1	0
4666	2	3	2	0	4	105	0	1	1	0
4667	2	3	2	0	4	105	0	1	1	0
4671	2	4	1	0	6	101	0	1	1	0
4671	2	3	2	0	4	69	0	1	1	0
4671	2	5	3	0	28	749	0	1	0	0
4672	2	4	1	0	6	101	0	1	1	0
4672	2	3	2	0	4	69	0	1	1	0
4672	2	5	3	0	28	749	0	1	0	0
4673	2	4	1	0	6	101	0	1	1	0
4673	2	3	2	0	4	69	0	1	1	0
4673	2	5	3	0	28	749	0	1	0	0
4674	2	3	2	0	4	105	0	1	1	0
4675	2	3	2	0	4	105	0	1	1	0
4676	2	3	2	0	4	105	0	1	1	0
4677	2	3	2	0	4	105	0	1	1	0
4678	2	3	2	0	4	105	0	1	1	0
4679	2	3	2	0	4	105	0	1	1	0
4680	2	3	2	0	4	105	0	1	1	0
4681	2	3	2	0	4	105	0	1	1	0
4682	2	3	2	0	4	105	0	1	1	0
4683	2	3	2	0	4	105	0	1	1	0
4684	2	3	2	0	4	105	0	1	1	0
4685	2	3	2	0	4	105	0	1	1	0
4686	2	3	2	0	4	105	0	1	1	0
4687	2	4	1	0	0	41	0	1	1	0
4687	2	3	2	0	4	105	0	1	1	0
4688	2	4	1	0	0	41	0	1	1	0
4689	2	4	1	0	0	41	0	1	1	0
4690	2	4	1	0	0	41	0	1	1	0
4691	2	4	1	0	0	41	0	1	1	0
4692	2	4	1	0	0	41	0	1	1	0
4693	2	4	1	0	0	41	0	1	1	0
4694	2	4	1	0	0	41	0	1	1	0
4695	2	4	1	0	0	41	0	1	1	0
4696	2	4	1	0	0	41	0	1	1	0
4697	2	4	1	0	0	41	0	1	1	0
4698	2	4	1	0	0	41	0	1	1	0
4699	2	4	1	0	0	41	0	1	1	0
4700	2	4	1	0	0	41	0	1	1	0
4701	2	4	1	0	0	41	0	1	1	0
4702	2	4	1	0	0	41	0	1	1	0
4703	2	4	1	0	0	41	0	1	1	0
4704	2	4	1	0	0	41	0	1	1	0
4705	2	4	1	0	0	41	0	1	1	0
4706	2	4	1	0	0	41	0	1	1	0
4707	2	4	1	0	0	41	0	1	1	0
4708	2	4	1	0	0	41	0	1	1	0
4710	2	4	1	0	0	41	0	1	1	0
4711	2	4	1	0	0	41	0	1	1	0
4712	2	4	1	0	0	41	0	1	1	0
4713	2	4	1	0	0	41	0	1	1	0
4714	2	4	1	0	0	41	0	1	1	0
4715	2	4	1	0	0	41	0	1	1	0
4716	2	4	1	0	0	41	0	1	1	0
4717	2	4	1	0	0	41	0	1	1	0
4718	2	4	1	0	0	41	0	1	1	0
4719	2	4	1	0	0	41	0	1	1	0
4720	2	4	1	0	0	41	0	1	1	0
4721	2	4	1	0	0	41	0	1	1	0
4722	2	4	1	0	0	41	0	1	1	0
4723	2	4	1	0	0	41	0	1	1	0
4724	2	4	1	0	0	41	0	1	1	0
4725	2	4	1	0	0	41	0	1	1	0
4726	2	4	1	0	0	41	0	1	1	0
4727	2	4	1	0	6	153	0	1	1	0
4728	1	1	2	0	0	41	0	1	1	0
4728	2	4	1	0	6	153	0	1	1	0
4729	1	1	2	0	0	41	0	1	1	0
4729	2	4	1	0	6	153	0	1	1	0
4730	1	1	2	0	0	41	0	1	1	0
4731	1	1	2	0	0	41	0	1	1	0
4732	1	1	2	0	0	41	0	1	1	0
4732	2	4	1	0	6	153	0	1	1	0
4733	1	1	2	0	0	41	0	1	1	0
4733	2	4	1	0	6	153	0	1	1	0
4734	1	1	2	0	0	41	0	1	1	0
4734	2	4	1	0	6	153	0	1	1	0
4735	1	1	2	0	0	41	0	1	1	0
4735	2	4	1	0	6	153	0	1	1	0
4736	1	1	2	0	0	41	0	1	1	0
4736	2	4	1	0	6	153	0	1	1	0
4737	1	1	2	0	0	41	0	1	1	0
4738	1	1	2	0	0	41	0	1	1	0
4738	2	4	1	0	6	153	0	1	1	0
4739	1	1	2	0	0	41	0	1	1	0
4740	1	1	2	0	0	41	0	1	1	0
4740	2	4	1	0	6	153	0	1	1	0
4741	1	1	2	0	0	41	0	1	1	0
4741	2	4	1	0	6	153	0	1	1	0
4742	1	1	2	0	0	41	0	1	1	0
4742	2	4	1	0	6	153	0	1	1	0
4743	1	1	2	0	0	41	0	1	1	0
4743	2	4	1	0	6	153	0	1	1	0
4744	1	1	2	0	0	41	0	1	1	0
4744	2	4	1	0	6	153	0	1	1	0
4745	1	1	2	0	0	41	0	1	1	0
4745	2	4	1	0	6	153	0	1	1	0
4746	1	1	2	0	0	41	0	1	1	0
4746	2	4	1	0	6	153	0	1	1	0
4747	1	1	2	0	0	41	0	1	1	0
4747	2	4	1	0	6	153	0	1	1	0
4748	1	1	2	0	0	41	0	1	1	0
4748	2	4	1	0	6	153	0	1	1	0
4749	1	1	2	0	0	41	0	1	1	0
4749	2	4	1	0	6	153	0	1	1	0
4750	1	1	2	0	0	41	0	1	1	0
4750	2	4	1	0	6	153	0	1	1	0
4751	1	1	2	0	0	41	0	1	1	0
4751	2	4	1	0	6	153	0	1	1	0
4752	1	1	2	0	0	41	0	1	1	0
4752	2	4	1	0	6	153	0	1	1	0
4753	1	1	2	0	0	41	0	1	1	0
4753	2	4	1	0	6	153	0	1	1	0
4754	1	1	2	0	0	41	0	1	1	0
4754	2	4	1	0	6	153	0	1	1	0
4755	1	1	2	0	0	41	0	1	1	0
4755	2	4	1	0	6	153	0	1	1	0
4756	1	1	2	0	0	41	0	1	1	0
4756	2	4	1	0	6	153	0	1	1	0
4757	1	1	2	0	0	41	0	1	1	0
4757	2	4	1	0	6	153	0	1	1	0
4758	1	1	2	0	0	41	0	1	1	0
4758	2	4	1	0	6	153	0	1	1	0
4759	1	1	2	0	0	41	0	1	1	0
4759	2	4	1	0	6	153	0	1	1	0
4760	1	1	2	0	0	41	0	1	1	0
4760	2	4	1	0	6	153	0	1	1	0
4761	1	1	2	0	0	41	0	1	1	0
4761	2	4	1	0	6	153	0	1	1	0
4762	1	1	2	0	0	41	0	1	1	0
4762	2	4	1	0	6	153	0	1	1	0
4763	1	1	2	0	0	41	0	1	1	0
4763	2	4	1	0	6	153	0	1	1	0
4764	1	1	2	0	0	41	0	1	1	0
4764	2	4	1	0	6	153	0	1	1	0
4765	1	1	2	0	0	41	0	1	1	0
4765	2	4	1	0	6	153	0	1	1	0
4766	1	1	2	0	0	41	0	1	1	0
4767	1	1	2	0	0	41	0	1	1	0
4767	2	4	1	0	4	105	0	1	1	0
4768	1	1	2	0	6	153	0	1	0	0
4768	2	4	1	0	4	105	0	1	1	0
4768	2	3	2	0	0	41	0	1	1	0
4769	1	1	2	0	6	153	0	1	0	0
4769	2	4	1	0	4	105	0	1	1	0
4769	2	3	2	0	0	41	0	1	1	0
4770	1	1	2	0	6	153	0	1	0	0
4770	2	4	1	0	0	85	0	1	1	0
4771	1	1	2	0	6	153	0	1	0	0
4771	2	4	1	0	0	85	0	1	1	0
4772	2	4	1	0	0	85	0	1	1	0
4773	2	4	1	0	0	85	0	1	1	0
4774	2	4	1	0	0	85	0	1	1	0
4775	1	1	2	0	6	153	1	0	1	0
4775	2	4	1	0	4	105	0	1	1	0
4775	2	3	2	0	0	41	0	1	0	0
4776	1	1	2	0	6	153	1	0	1	0
4776	2	4	1	0	4	105	0	1	1	0
4776	2	3	2	0	0	41	0	1	0	0
4777	1	1	2	0	6	153	1	0	1	0
4777	2	4	1	0	0	85	0	1	1	0
4778	1	1	2	0	6	153	1	0	1	0
4778	2	4	1	0	0	85	0	1	1	0
4779	2	4	1	0	0	85	0	1	1	0
4780	2	4	1	0	0	85	0	1	1	0
4781	2	4	1	0	0	85	0	1	1	0
4782	2	4	1	0	0	85	0	1	1	0
4783	2	4	1	0	0	85	0	1	1	0
4784	2	4	1	0	0	85	0	1	1	0
4785	2	4	1	0	0	85	0	1	1	0
4786	2	4	1	0	0	85	0	1	1	0
4787	2	4	1	0	0	85	0	1	1	0
4788	2	4	1	0	0	85	0	1	1	0
4789	2	4	1	0	0	85	0	1	1	0
4790	2	4	1	0	0	85	0	1	1	0
4791	2	4	1	0	0	85	0	1	1	0
4792	2	4	1	0	0	85	0	1	1	0
4793	2	4	1	0	0	85	0	1	1	0
4794	2	4	1	0	0	85	0	1	1	0
4795	2	4	1	0	0	85	0	1	1	0
4796	2	4	1	0	0	85	0	1	1	0
4797	2	4	1	0	0	85	0	1	1	0
4821	1	1	2	0	6	153	0	1	1	0
4821	2	3	2	0	2	41	0	1	1	0
4821	2	5	3	0	28	749	0	1	0	0
4822	1	1	2	0	6	153	0	1	1	0
4822	2	3	2	0	2	41	0	1	1	0
4822	2	5	3	0	28	749	0	1	0	0
4823	1	1	2	0	6	153	0	1	1	0
4823	2	3	2	0	2	41	0	1	1	0
4823	2	5	3	0	28	749	0	1	0	0
4824	1	1	2	0	6	153	0	1	1	0
4824	2	3	2	0	2	41	0	1	1	0
4824	2	5	3	0	28	749	0	1	0	0
4825	1	1	2	0	6	153	0	1	1	0
4825	2	3	2	0	2	41	0	1	1	0
4825	2	5	3	0	28	749	0	1	0	0
4826	1	1	2	0	6	153	0	1	1	0
4826	2	3	2	0	2	41	0	1	1	0
4826	2	5	3	0	28	749	0	1	0	0
4827	1	1	2	0	6	153	0	1	1	0
4827	2	3	2	0	2	41	0	1	1	0
4827	2	5	3	0	28	749	0	1	0	0
4828	1	1	2	0	6	153	0	1	1	0
4828	2	3	2	0	2	41	0	1	1	0
4828	2	5	3	0	28	749	1	0	1	0
4829	1	1	2	0	6	153	0	1	1	0
4829	2	3	2	0	2	41	0	1	1	0
4829	2	5	3	0	28	749	1	0	1	0
4830	1	1	2	0	6	153	0	1	1	0
4830	2	3	2	0	2	41	0	1	1	0
4830	2	5	3	0	28	749	1	0	1	0
4831	1	1	2	0	6	153	0	1	1	0
4831	2	3	2	0	2	41	0	1	1	0
4831	2	5	3	0	28	749	1	0	1	0
4832	1	1	2	0	6	153	0	1	1	0
4832	2	3	2	0	2	41	0	1	1	0
4832	2	5	3	0	28	749	1	0	1	0
4833	1	1	2	0	6	153	0	1	1	0
4833	2	3	2	0	2	41	0	1	1	0
4833	2	5	3	0	28	749	1	0	1	0
4834	1	1	2	0	6	153	0	1	1	0
4888	2	3	2	0	8	209	0	1	1	0
4889	2	3	2	0	8	209	0	1	1	0
4890	2	3	2	0	8	209	0	1	1	0
4891	2	3	2	0	8	209	0	1	1	0
4892	2	3	2	0	8	209	0	1	1	0
4893	2	3	2	0	8	209	0	1	1	0
4894	2	3	2	0	8	209	0	1	1	0
4895	2	3	2	0	8	209	0	1	1	0
4927	1	2	1	0	4	225	0	1	1	0
4928	1	2	1	0	4	225	0	1	1	0
4929	1	2	1	0	4	225	0	1	1	0
4930	1	2	1	0	4	225	0	1	1	0
4931	1	2	1	0	4	225	0	1	1	0
4932	1	2	1	0	4	225	0	1	1	0
4933	1	2	1	0	4	225	0	1	1	0
4934	1	2	1	0	4	225	0	1	1	0
4935	1	2	1	0	4	225	0	1	1	0
4936	1	2	1	0	4	225	0	1	1	0
4937	1	2	1	0	4	225	0	1	1	0
4938	1	2	1	0	4	225	0	1	1	0
4939	1	2	1	0	4	225	0	1	1	0
4940	1	2	1	0	4	225	0	1	1	0
4941	1	2	1	0	4	225	0	1	1	0
4942	1	2	1	0	4	225	0	1	1	0
4943	1	2	1	0	4	225	0	1	1	0
4944	1	2	1	0	4	225	0	1	1	0
4945	1	2	1	0	4	225	0	1	1	0
4971	2	3	2	0	10	173	0	1	1	0
4971	2	5	3	0	28	749	0	1	1	0
4972	2	3	2	0	10	173	0	1	1	0
4972	2	5	3	0	28	749	0	1	1	0
4973	2	3	2	0	10	173	0	1	1	0
4973	2	5	3	0	28	749	0	1	1	0
4974	2	3	2	0	8	209	0	1	1	0
4975	2	3	2	0	8	209	0	1	1	0
4976	2	3	2	0	8	209	0	1	1	0
4977	2	3	2	0	8	209	0	1	1	0
4978	2	3	2	0	8	209	0	1	1	0
4979	2	3	2	0	8	209	0	1	1	0
4980	2	3	2	0	8	209	0	1	1	0
4981	2	3	2	0	8	209	0	1	1	0
