% time	cellId	IMSI	RNTI	sinrLinear	componentCarrierId
0.041	1	2	1	2.36424	0
0.041	2	4	1	3.00188	0
0.042	1	1	2	4.53197	0
0.042	2	3	2	15.1612	0
0.043	2	5	3	13309.2	0
0.081	1	2	1	1.99415	0
0.081	2	4	1	10.0444	0
0.082	1	1	2	27.2353	0
0.082	2	3	2	6.04603	0
0.083	2	5	3	11786.2	0
0.121	1	2	1	2.08119	0
0.121	2	4	1	20.6393	0
0.122	1	1	2	32.081	0
0.122	2	3	2	1.32772	0
0.123	2	5	3	7665.89	0
0.161	1	2	1	10.8132	0
0.161	2	4	1	17.316	0
0.162	1	1	2	46.9948	0
0.162	2	3	2	1.24055	0
0.163	2	5	3	6212.69	0
0.201	1	2	1	9.28179	0
0.201	2	4	1	2.89249	0
0.202	1	1	2	397.53	0
0.202	2	3	2	1.58965	0
0.203	2	5	3	3505.36	0
0.241	1	2	1	3.54166	0
0.241	2	4	1	4.92525	0
0.242	1	1	2	479.37	0
0.242	2	3	2	2.10528	0
0.243	2	5	3	3620.36	0
0.281	1	2	1	2.8923	0
0.281	2	4	1	7.4682	0
0.282	1	1	2	10.9472	0
0.282	2	3	2	9.44148	0
0.283	2	5	3	8718.91	0
0.321	1	2	1	6.08317	0
0.321	2	4	1	9.98286	0
0.322	1	1	2	40.0102	0
0.322	2	3	2	18.2378	0
0.323	2	5	3	16005.3	0
0.361	1	2	1	18.4447	0
0.361	2	4	1	8.95703	0
0.362	1	1	2	45.7776	0
0.362	2	3	2	2.336	0
0.363	2	5	3	3175.79	0
0.401	1	2	1	8.10148	0
0.401	2	4	1	6.54238	0
0.402	1	1	2	12.7538	0
0.402	2	3	2	25.6364	0
0.403	2	5	3	8036.96	0
0.441	1	2	1	4.0183	0
0.441	2	4	1	1.18885	0
0.442	1	1	2	8.52452	0
0.442	2	3	2	11.9142	0
0.443	2	5	3	31010.4	0
0.481	1	2	1	12.6198	0
0.481	2	4	1	51.4469	0
0.482	1	1	2	15.5195	0
0.482	2	3	2	2.028	0
0.483	2	5	3	4529.61	0
0.521	1	2	1	11.4039	0
0.521	2	4	1	7.04648	0
0.522	1	1	2	1.44446	0
0.522	2	3	2	31.5017	0
0.523	2	5	3	25546.3	0
0.561	1	2	1	14.73	0
0.561	2	4	1	1.6495	0
0.562	1	1	2	10.2236	0
0.562	2	3	2	37.9853	0
0.563	2	5	3	9650.05	0
0.601	1	2	1	7.27955	0
0.601	2	4	1	8.85665	0
0.602	1	1	2	0.606073	0
0.602	2	3	2	53.9478	0
0.603	2	5	3	16787.8	0
0.641	1	2	1	121.46	0
0.641	2	4	1	0.798956	0
0.642	1	1	2	0.698859	0
0.642	2	3	2	61.5651	0
0.643	2	5	3	24805.9	0
0.681	1	2	1	1.59324	0
0.681	2	4	1	5.13006	0
0.682	1	1	2	2.37069	0
0.682	2	3	2	27.6417	0
0.683	2	5	3	9321.12	0
0.721	1	2	1	1.65815	0
0.721	2	4	1	2.19967	0
0.722	1	1	2	6.38732	0
0.722	2	3	2	4.66054	0
0.723	2	5	3	4658.36	0
0.761	1	2	1	5.80404	0
0.761	2	4	1	1.37779	0
0.762	1	1	2	3.26503	0
0.762	2	3	2	20.4656	0
0.763	2	5	3	886.182	0
0.801	1	2	1	3.49549	0
0.801	2	4	1	80.7472	0
0.802	1	1	2	10.4208	0
0.802	2	3	2	7.76274	0
0.803	2	5	3	17130.8	0
0.841	1	2	1	19.7441	0
0.841	2	4	1	1.2868	0
0.842	1	1	2	6.85754	0
0.842	2	3	2	1.45658	0
0.843	2	5	3	16900.3	0
0.881	1	2	1	0.92374	0
0.881	2	4	1	7.68824	0
0.882	1	1	2	110.868	0
0.882	2	3	2	14.0634	0
0.883	2	5	3	2346.61	0
0.921	1	2	1	2.20464	0
0.921	2	4	1	11.9043	0
0.922	1	1	2	39.3419	0
0.922	2	3	2	2.36265	0
0.923	2	5	3	4977.37	0
0.961	1	2	1	19.2012	0
0.961	2	4	1	3.03713	0
0.962	1	1	2	10.3192	0
0.962	2	3	2	2.53228	0
0.963	2	5	3	3646.44	0
1.001	1	2	1	11.0672	0
1.001	2	4	1	3.24563	0
1.002	1	1	2	3.55058	0
1.002	2	3	2	7.42811	0
1.003	2	5	3	5943.46	0
1.041	1	2	1	1.42713	0
1.041	2	4	1	4.77163	0
1.042	1	1	2	6.81754	0
1.042	2	3	2	15.8739	0
1.043	2	5	3	6409.55	0
1.081	1	2	1	4.93193	0
1.081	2	4	1	26.1099	0
1.082	1	1	2	6.93543	0
1.082	2	3	2	165.789	0
1.083	2	5	3	1787.64	0
1.121	1	2	1	4.2168	0
1.121	2	4	1	8.66167	0
1.122	1	1	2	3.15494	0
1.122	2	3	2	70.7044	0
1.123	2	5	3	2771.19	0
1.161	1	2	1	2.85727	0
1.161	2	4	1	4.73857	0
1.162	1	1	2	9.17138	0
1.162	2	3	2	43.8715	0
1.163	2	5	3	1716.84	0
1.201	1	2	1	41.4179	0
1.201	2	4	1	0.55382	0
1.202	1	1	2	26.4586	0
1.202	2	3	2	8.85672	0
1.203	2	5	3	1156.91	0
1.241	1	2	1	118.263	0
1.241	2	4	1	3.61472	0
1.242	1	1	2	5.91936	0
1.242	2	3	2	11.408	0
1.243	2	5	3	11121.9	0
1.281	1	2	1	18.1722	0
1.281	2	4	1	5.27089	0
1.282	1	1	2	12.0108	0
1.282	2	3	2	19.049	0
1.283	2	5	3	3725.47	0
1.321	1	2	1	10.7156	0
1.321	2	4	1	1.20758	0
1.322	1	1	2	8.00432	0
1.322	2	3	2	5.73092	0
1.323	2	5	3	2802.4	0
1.361	1	2	1	30.0789	0
1.361	2	4	1	2.84015	0
1.362	1	1	2	13.29	0
1.362	2	3	2	3.01533	0
1.363	2	5	3	3846.69	0
1.401	1	2	1	13.5446	0
1.401	2	4	1	168.774	0
1.402	1	1	2	35.0379	0
1.402	2	3	2	1.5233	0
1.403	2	5	3	1594.96	0
1.441	1	2	1	2.30198	0
1.441	2	4	1	11.0368	0
1.442	1	1	2	14.8824	0
1.442	2	3	2	175.335	0
1.443	2	5	3	2473.13	0
1.481	1	2	1	3.56038	0
1.481	2	4	1	11.8847	0
1.482	1	1	2	23.8696	0
1.482	2	3	2	8.45056	0
1.483	2	5	3	281.634	0
1.521	1	2	1	25.7025	0
1.521	2	4	1	0.836809	0
1.522	1	1	2	5.73402	0
1.522	2	3	2	3.4484	0
1.523	2	5	3	1665.53	0
1.561	1	2	1	26.0761	0
1.561	2	4	1	4.21173	0
1.562	1	1	2	3.51055	0
1.562	2	3	2	35.4	0
1.563	2	5	3	1274.57	0
1.601	1	2	1	42.4462	0
1.601	2	4	1	73.5317	0
1.602	1	1	2	6.6795	0
1.602	2	3	2	12.8289	0
1.603	2	5	3	3030.77	0
1.641	1	2	1	3.19148	0
1.641	2	4	1	26.1749	0
1.642	1	1	2	21.055	0
1.642	2	3	2	7.29466	0
1.643	2	5	3	7200.85	0
1.681	1	2	1	5.60311	0
1.681	2	4	1	4.88166	0
1.682	1	1	2	3.97386	0
1.682	2	3	2	78.0196	0
1.683	2	5	3	23396.8	0
1.721	1	2	1	4.2998	0
1.721	2	4	1	4.81049	0
1.722	1	1	2	79.5699	0
1.722	2	3	2	22.0705	0
1.723	2	5	3	16763.5	0
1.761	1	2	1	140.046	0
1.761	2	4	1	46.1544	0
1.762	1	1	2	133.484	0
1.762	2	3	2	6.72939	0
1.763	2	5	3	9163.84	0
1.801	1	2	1	7.86114	0
1.801	2	4	1	22.4322	0
1.802	1	1	2	16.7289	0
1.802	2	3	2	10.3792	0
1.803	2	5	3	13912.2	0
1.841	1	2	1	79.1601	0
1.841	2	4	1	10.4195	0
1.842	1	1	2	9.68935	0
1.842	2	3	2	3.36119	0
1.843	2	5	3	8034.27	0
1.881	1	2	1	5.37168	0
1.881	2	4	1	12.9493	0
1.882	1	1	2	12.2129	0
1.882	2	3	2	6.43959	0
1.883	2	5	3	10365.6	0
1.921	1	2	1	56.1892	0
1.921	2	4	1	8.79424	0
1.922	1	1	2	5.01156	0
1.922	2	3	2	8.21879	0
1.923	2	5	3	15189.7	0
1.961	1	2	1	114.254	0
1.961	2	4	1	2.66337	0
1.962	1	1	2	32.1935	0
1.962	2	3	2	28.9333	0
1.963	2	5	3	16874.8	0
2.001	1	2	1	149.486	0
2.001	2	4	1	10.9362	0
2.002	1	1	2	63.3444	0
2.002	2	3	2	113.64	0
2.003	2	5	3	3363.95	0
2.041	1	2	1	9.16001	0
2.041	2	4	1	3.79839	0
2.042	1	1	2	391.321	0
2.042	2	3	2	3.6218	0
2.043	2	5	3	2359.75	0
2.081	1	2	1	2.19766	0
2.081	2	4	1	45.9859	0
2.082	1	1	2	33.9835	0
2.082	2	3	2	4.34802	0
2.083	2	5	3	3801.88	0
2.121	1	2	1	81.1128	0
2.121	2	4	1	3.63834	0
2.122	1	1	2	12.3603	0
2.122	2	3	2	4.58362	0
2.123	2	5	3	5673.87	0
2.161	1	2	1	116.201	0
2.161	2	4	1	0.588751	0
2.162	1	1	2	6.79331	0
2.162	2	3	2	34.0367	0
2.163	2	5	3	3956.04	0
2.201	1	2	1	48.9339	0
2.201	2	4	1	11.2155	0
2.202	1	1	2	0.735179	0
2.202	2	3	2	9.7594	0
2.203	2	5	3	4245.37	0
2.241	1	2	1	2.51863	0
2.241	2	4	1	5.96627	0
2.242	1	1	2	2.01375	0
2.242	2	3	2	37.343	0
2.243	2	5	3	20340.8	0
2.281	1	2	1	4.55939	0
2.281	2	4	1	5.2767	0
2.282	1	1	2	1.63182	0
2.282	2	3	2	6.03615	0
2.283	2	5	3	19562.6	0
2.321	1	2	1	158.224	0
2.321	2	4	1	9.65851	0
2.322	1	1	2	12.3618	0
2.322	2	3	2	19.0501	0
2.323	2	5	3	7385.87	0
2.361	1	2	1	34.5392	0
2.361	2	4	1	0.473021	0
2.362	1	1	2	101.903	0
2.362	2	3	2	34.6935	0
2.363	2	5	3	4716.84	0
2.401	1	2	1	15.5933	0
2.401	2	4	1	1.56592	0
2.402	1	1	2	31.0169	0
2.402	2	3	2	5.75306	0
2.403	2	5	3	1921.66	0
2.441	1	2	1	104.427	0
2.441	2	4	1	4.68283	0
2.442	1	1	2	2.19774	0
2.442	2	3	2	18.3913	0
2.443	2	5	3	3801.8	0
2.481	1	2	1	51.8511	0
2.481	2	4	1	5.98612	0
2.482	1	1	2	2.52819	0
2.482	2	3	2	35.5337	0
2.483	2	5	3	3147.83	0
2.521	1	2	1	1.50183	0
2.521	2	4	1	3.35511	0
2.522	1	1	2	1.59854	0
2.522	2	3	2	20.2591	0
2.523	2	5	3	1213.66	0
2.561	1	2	1	55.3812	0
2.561	2	4	1	1.19994	0
2.562	1	1	2	17.7096	0
2.562	2	3	2	9.936	0
2.563	2	5	3	1725.3	0
2.601	1	2	1	55.2623	0
2.601	2	4	1	1.07182	0
2.602	1	1	2	8.85767	0
2.602	2	3	2	245.707	0
2.603	2	5	3	3637.64	0
2.641	1	2	1	104.468	0
2.641	2	4	1	4.25565	0
2.642	1	1	2	405.635	0
2.642	2	3	2	12.2535	0
2.643	2	5	3	5963.71	0
2.681	1	2	1	157.949	0
2.681	2	4	1	13.0902	0
2.682	1	1	2	37.4895	0
2.682	2	3	2	10.6209	0
2.683	2	5	3	3783.35	0
2.721	1	2	1	171.339	0
2.721	2	4	1	4.52979	0
2.722	1	1	2	8.65724	0
2.722	2	3	2	33.8643	0
2.723	2	5	3	5748.82	0
2.761	1	2	1	75.0325	0
2.761	2	4	1	1.93394	0
2.762	1	1	2	18.0757	0
2.762	2	3	2	1.9495	0
2.763	2	5	3	20042.4	0
2.801	1	2	1	1.84375	0
2.801	2	4	1	4.29134	0
2.802	1	1	2	7.91005	0
2.802	2	3	2	15.9375	0
2.803	2	5	3	4540.56	0
2.841	1	2	1	11.4337	0
2.841	2	4	1	3.2532	0
2.842	1	1	2	61.5431	0
2.842	2	3	2	43.416	0
2.843	2	5	3	1810.48	0
2.881	1	2	1	24.4812	0
2.881	2	4	1	5.18368	0
2.882	1	1	2	62.4732	0
2.882	2	3	2	13.4979	0
2.883	2	5	3	8044.76	0
2.921	1	2	1	3.67972	0
2.921	2	4	1	0.522829	0
2.922	1	1	2	6.71134	0
2.922	2	3	2	4.71202	0
2.923	2	5	3	4232.06	0
2.961	1	2	1	16.3078	0
2.961	2	4	1	1.84721	0
2.962	1	1	2	11.8308	0
2.962	2	3	2	13.0423	0
2.963	2	5	3	2144.41	0
3.001	1	2	1	30.3576	0
3.001	2	4	1	10.9112	0
3.002	1	1	2	1.85117	0
3.002	2	3	2	20.054	0
3.003	2	5	3	3243.69	0
3.041	1	2	1	2.86375	0
3.041	2	4	1	22.0424	0
3.042	1	1	2	13.8871	0
3.042	2	3	2	11.1007	0
3.043	2	5	3	3672.62	0
3.081	1	2	1	41.0438	0
3.081	2	4	1	0.660499	0
3.082	1	1	2	5.57626	0
3.082	2	3	2	58.3277	0
3.083	2	5	3	7518.23	0
3.121	1	2	1	18.6634	0
3.121	2	4	1	0.305944	0
3.122	1	1	2	4.75507	0
3.122	2	3	2	3.38647	0
3.123	2	5	3	4339.24	0
3.161	1	2	1	3.25387	0
3.161	2	4	1	13.3991	0
3.162	1	1	2	4.12541	0
3.162	2	3	2	11.0327	0
3.163	2	5	3	7803.6	0
3.201	1	2	1	55.2351	0
3.201	2	4	1	1.77234	0
3.202	1	1	2	39.6247	0
3.202	2	3	2	18.4877	0
3.203	2	5	3	16309.6	0
3.241	1	2	1	42.4323	0
3.241	2	4	1	0.502524	0
3.242	1	1	2	483.165	0
3.242	2	3	2	5.0261	0
3.243	2	5	3	7410.14	0
3.281	1	2	1	64.7512	0
3.281	2	4	1	5.1752	0
3.282	1	1	2	213.945	0
3.282	2	3	2	4.02759	0
3.283	2	5	3	4445.65	0
3.321	1	2	1	68.0454	0
3.321	2	4	1	6.37613	0
3.322	1	1	2	20.1666	0
3.322	2	3	2	14.6362	0
3.323	2	5	3	10849.1	0
3.361	1	2	1	24.7294	0
3.361	2	4	1	9.40155	0
3.362	1	1	2	39.6651	0
3.362	2	3	2	0.978366	0
3.363	2	5	3	14188.2	0
3.401	1	2	1	3.03945	0
3.401	2	4	1	6.16554	0
3.402	1	1	2	1.44051	0
3.402	2	3	2	32.8357	0
3.403	2	5	3	4704.99	0
3.441	1	2	1	0.321206	0
3.441	2	4	1	4.05458	0
3.442	1	1	2	1.76088	0
3.442	2	3	2	76.0105	0
3.443	2	5	3	5842.1	0
3.481	1	2	1	3.4153	0
3.481	2	4	1	2.82178	0
3.482	1	1	2	5.81121	0
3.482	2	3	2	29.0357	0
3.483	2	5	3	7819.83	0
3.521	1	2	1	4.74935	0
3.521	2	4	1	0.583583	0
3.522	1	1	2	44.9161	0
3.522	2	3	2	1.75227	0
3.523	2	5	3	2868.9	0
3.561	1	2	1	2.27964	0
3.561	2	4	1	0.107492	0
3.562	1	1	2	117.063	0
3.562	2	3	2	2.84346	0
3.563	2	5	3	4602.97	0
3.601	1	2	1	1.6004	0
3.601	2	4	1	0.640801	0
3.602	1	1	2	62.645	0
3.602	2	3	2	15.2202	0
3.603	2	5	3	4940.85	0
3.641	1	2	1	48.3305	0
3.641	2	4	1	22.3283	0
3.642	1	1	2	27.3382	0
3.642	2	3	2	4.70062	0
3.643	2	5	3	1477.7	0
3.681	1	2	1	8.35802	0
3.681	2	4	1	1.06304	0
3.682	1	1	2	52.2725	0
3.682	2	3	2	8.65963	0
3.683	2	5	3	1185.43	0
3.721	1	2	1	13.8239	0
3.721	2	4	1	0.822033	0
3.722	1	1	2	5.01273	0
3.722	2	3	2	12.0516	0
3.723	2	5	3	7702.73	0
3.761	1	2	1	20.2978	0
3.761	2	4	1	5.32002	0
3.762	1	1	2	1.77418	0
3.762	2	3	2	14.4381	0
3.763	2	5	3	8319.03	0
3.801	1	2	1	26.1811	0
3.801	2	4	1	2.45063	0
3.802	1	1	2	22.9671	0
3.802	2	3	2	46.0115	0
3.803	2	5	3	18662	0
3.841	1	2	1	23.2182	0
3.841	2	4	1	1.11405	0
3.842	1	1	2	37.7704	0
3.842	2	3	2	105.593	0
3.843	2	5	3	9808.33	0
3.881	1	2	1	16.0214	0
3.881	2	4	1	2.22825	0
3.882	1	1	2	6.42362	0
3.882	2	3	2	9.17243	0
3.883	2	5	3	1172.34	0
3.921	1	2	1	56.3294	0
3.921	2	4	1	1.60594	0
3.922	1	1	2	0.759171	0
3.922	2	3	2	44.7709	0
3.923	2	5	3	2156.39	0
3.961	1	2	1	10.9591	0
3.961	2	4	1	14.8881	0
3.962	1	1	2	4.60375	0
3.962	2	3	2	32.5944	0
3.963	2	5	3	2830.05	0
4.001	1	2	1	18.9047	0
4.001	2	4	1	7.73309	0
4.002	1	1	2	9.23905	0
4.002	2	3	2	44.8483	0
4.003	2	5	3	5394.59	0
4.041	1	2	1	11.4118	0
4.041	2	4	1	0.622348	0
4.042	1	1	2	4.61744	0
4.042	2	3	2	8.00537	0
4.043	2	5	3	4836.17	0
4.081	1	2	1	5.19063	0
4.081	2	4	1	0.323056	0
4.082	1	1	2	17.936	0
4.082	2	3	2	3.9438	0
4.083	2	5	3	3122.99	0
4.121	1	2	1	34.3456	0
4.121	2	4	1	2.55029	0
4.122	1	1	2	22.5575	0
4.122	2	3	2	46.333	0
4.123	2	5	3	845.871	0
4.161	1	2	1	10.4041	0
4.161	2	4	1	2.26493	0
4.162	1	1	2	55.705	0
4.162	2	3	2	25.4731	0
4.163	2	5	3	7284.89	0
4.201	1	2	1	29.6326	0
4.201	2	4	1	5.8076	0
4.202	1	1	2	130.144	0
4.202	2	3	2	3.1389	0
4.203	2	5	3	8909.22	0
4.241	1	2	1	6.40737	0
4.241	2	4	1	3.77668	0
4.242	1	1	2	210.175	0
4.242	2	3	2	2.73624	0
4.243	2	5	3	5569.48	0
4.281	1	2	1	3.01126	0
4.281	2	4	1	26.9093	0
4.282	1	1	2	4.38568	0
4.282	2	3	2	22.9717	0
4.283	2	5	3	9248.51	0
4.321	1	2	1	6.14122	0
4.321	2	4	1	20.0255	0
4.322	1	1	2	14.3982	0
4.322	2	3	2	118.208	0
4.323	2	5	3	7361.45	0
4.361	1	2	1	13.7237	0
4.361	2	4	1	0.489889	0
4.362	1	1	2	1.0015	0
4.362	2	3	2	67.6807	0
4.363	2	5	3	15060.6	0
4.401	1	2	1	11.0401	0
4.401	2	4	1	0.421249	0
4.402	1	1	2	0.935848	0
4.402	2	3	2	680.589	0
4.403	2	5	3	17705	0
4.441	1	2	1	443.388	0
4.441	2	4	1	3.81044	0
4.442	1	1	2	1.78679	0
4.442	2	3	2	14.9169	0
4.443	2	5	3	2731.63	0
4.481	1	2	1	43.4991	0
4.481	2	4	1	0.506754	0
4.482	1	1	2	1.55194	0
4.482	2	3	2	128.007	0
4.483	2	5	3	5098.38	0
4.521	1	2	1	27.1385	0
4.521	2	4	1	4.37559	0
4.522	1	1	2	4.36224	0
4.522	2	3	2	4.2187	0
4.523	2	5	3	3766.49	0
4.561	1	2	1	12.2037	0
4.561	2	4	1	9.0761	0
4.562	1	1	2	3.11455	0
4.562	2	3	2	5.757	0
4.563	2	5	3	3892.23	0
4.601	1	2	1	43.9511	0
4.601	2	4	1	1.96819	0
4.602	1	1	2	15.7741	0
4.602	2	3	2	14.8106	0
4.603	2	5	3	4012.29	0
4.641	1	2	1	3.06318	0
4.641	2	4	1	103.86	0
4.642	1	1	2	18.2717	0
4.642	2	3	2	38.4488	0
4.643	2	5	3	14291.3	0
4.681	1	2	1	8.22494	0
4.681	2	4	1	52.1203	0
4.682	1	1	2	14.1876	0
4.682	2	3	2	3.48132	0
4.683	2	5	3	7295	0
4.721	1	2	1	1.50055	0
4.721	2	4	1	14.8679	0
4.722	1	1	2	185.057	0
4.722	2	3	2	0.590725	0
4.723	2	5	3	27287.5	0
4.761	1	2	1	1.02346	0
4.761	2	4	1	87.8351	0
4.762	1	1	2	78.857	0
4.762	2	3	2	8.50468	0
4.763	2	5	3	5408.27	0
4.801	1	2	1	25.5644	0
4.801	2	4	1	1.70507	0
4.802	1	1	2	42.659	0
4.802	2	3	2	2.50366	0
4.803	2	5	3	2466.79	0
4.841	1	2	1	23.0113	0
4.841	2	4	1	2.57741	0
4.842	1	1	2	36.7987	0
4.842	2	3	2	1.54574	0
4.843	2	5	3	7505.64	0
4.881	1	2	1	6.57104	0
4.881	2	4	1	7.07672	0
4.882	1	1	2	3.41613	0
4.882	2	3	2	45.8049	0
4.883	2	5	3	3421.3	0
4.921	1	2	1	17.6052	0
4.921	2	4	1	0.295083	0
4.922	1	1	2	3.40308	0
4.922	2	3	2	74.9797	0
4.923	2	5	3	5663.91	0
4.961	1	2	1	4.83738	0
4.961	2	4	1	0.699092	0
4.962	1	1	2	0.538561	0
4.962	2	3	2	260.739	0
4.963	2	5	3	2458.25	0
