% time	cellId	IMSI	frame	sframe	RNTI	mcsTb1	sizeTb1	mcsTb2	sizeTb2	ccId
0.025	1	3	3	6	1	0	26	0	0	0
0.025	1	7	3	6	2	0	26	0	0	0
0.025	1	2	3	6	4	0	26	0	0	0
0.025	2	6	3	6	2	0	41	0	0	0
0.025	2	5	3	6	3	0	41	0	0	0
0.032	1	0	4	3	3	24	1620	0	0	0
0.04	1	2	5	1	4	28	749	0	0	0
0.04	1	3	5	1	1	28	749	0	0	0
0.04	1	7	5	1	2	22	469	0	0	0
0.04	2	5	5	1	3	20	597	0	0	0
0.04	2	6	5	1	2	28	1095	0	0	0
0.041	1	7	5	2	2	22	469	0	0	0
0.041	1	2	5	2	4	28	749	0	0	0
0.041	1	3	5	2	1	28	749	0	0	0
0.041	2	6	5	2	2	28	1095	0	0	0
0.041	2	5	5	2	3	20	597	0	0	0
0.047	1	2	5	8	4	28	749	0	0	0
0.047	1	3	5	8	1	28	749	0	0	0
0.047	1	7	5	8	2	22	469	0	0	0
0.047	2	5	5	8	3	20	597	0	0	0
0.048	1	2	5	9	4	28	749	0	0	0
0.048	1	3	5	9	1	28	749	0	0	0
0.048	1	7	5	9	2	22	469	0	0	0
0.048	2	5	5	9	3	20	597	0	0	0
0.048	2	6	5	9	2	28	1095	0	0	0
0.049	1	0	5	10	3	12	597	0	0	0
0.05	1	0	6	1	3	28	2196	0	0	0
0.054	1	2	6	5	4	28	749	0	0	0
0.054	1	3	6	5	1	28	749	0	0	0
0.055	1	2	6	6	4	28	749	0	0	0
0.055	1	3	6	6	1	28	749	0	0	0
0.055	1	7	6	6	2	22	469	0	0	0
0.055	2	5	6	6	3	20	597	0	0	0
0.06	1	2	7	1	4	28	749	0	0	0
0.06	1	3	7	1	1	28	749	0	0	0
0.06	1	7	7	1	2	28	749	0	0	0
0.06	2	5	7	1	3	22	693	0	0	0
0.06	2	6	7	1	2	24	807	0	0	0
0.061	1	7	7	2	2	28	749	0	0	0
0.061	1	2	7	2	4	28	749	0	0	0
0.061	1	3	7	2	1	28	749	0	0	0
0.061	2	6	7	2	2	24	807	0	0	0
0.061	2	5	7	2	3	22	693	0	0	0
0.062	1	3	7	3	1	28	749	0	0	0
0.062	2	5	7	3	3	20	597	0	0	0
0.067	1	0	7	8	3	28	2196	0	0	0
0.068	1	2	7	9	4	28	749	0	0	0
0.068	1	3	7	9	1	28	749	0	0	0
0.068	1	7	7	9	2	28	749	0	0	0
0.068	2	5	7	9	3	22	693	0	0	0
0.07	1	0	8	1	3	24	807	0	0	0
0.07	1	7	8	1	2	22	693	0	0	0
0.075	1	2	8	6	4	28	749	0	0	0
0.075	1	3	8	6	1	28	749	0	0	0
0.075	2	5	8	6	3	22	693	0	0	0
0.08	1	3	9	1	1	28	2196	0	0	0
0.08	2	5	9	1	3	22	693	0	0	0
0.08	2	6	9	1	2	22	693	0	0	0
0.081	1	3	9	2	1	28	2196	0	0	0
0.081	2	6	9	2	2	22	693	0	0	0
0.081	2	5	9	2	3	22	693	0	0	0
0.082	1	3	9	3	1	28	749	0	0	0
0.082	2	5	9	3	3	22	693	0	0	0
0.087	1	0	9	8	3	26	1836	0	0	0
0.088	1	3	9	9	1	28	2196	0	0	0
0.088	2	5	9	9	3	22	693	0	0	0
0.09	1	0	10	1	3	18	485	0	0	0
0.09	1	2	10	1	4	14	389	0	0	0
0.095	2	5	10	6	3	22	693	0	0	0
0.1	1	3	11	1	1	28	2196	0	0	0
0.1	2	5	11	1	3	22	693	0	0	0
0.1	2	6	11	1	2	28	1095	0	0	0
0.101	1	3	11	2	1	28	1095	0	0	0
0.101	1	0	11	2	3	24	807	0	0	0
0.101	2	6	11	2	2	28	1095	0	0	0
0.101	2	5	11	2	3	22	693	0	0	0
0.103	1	3	11	4	1	28	2196	0	0	0
0.108	1	0	11	9	3	24	807	0	0	0
0.108	1	3	11	9	1	28	1095	0	0	0
0.108	2	5	11	9	3	22	693	0	0	0
0.108	2	6	11	9	2	28	1095	0	0	0
0.115	1	0	12	6	3	24	807	0	0	0
0.115	1	3	12	6	1	28	1095	0	0	0
0.115	2	5	12	6	3	22	693	0	0	0
0.115	2	6	12	6	2	28	1095	0	0	0
0.12	2	5	13	1	3	26	903	0	0	0
0.12	2	6	13	1	2	28	1095	0	0	0
0.121	1	0	13	2	3	22	1383	0	0	0
0.121	2	6	13	2	2	28	1095	0	0	0
0.121	2	5	13	2	3	26	903	0	0	0
0.122	1	0	13	3	3	24	807	0	0	0
0.122	2	5	13	3	3	22	693	0	0	0
0.122	2	6	13	3	2	28	1095	0	0	0
0.128	1	0	13	9	3	22	1383	0	0	0
0.128	2	5	13	9	3	26	903	0	0	0
0.128	2	6	13	9	2	28	1095	0	0	0
0.135	1	0	14	6	3	22	1383	0	0	0
0.135	2	5	14	6	3	26	903	0	0	0
0.135	2	6	14	6	2	28	1095	0	0	0
0.137	2	6	14	8	2	12	597	0	0	0
0.14	2	5	15	1	3	28	2196	0	0	0
0.141	1	0	15	2	3	28	2196	0	0	0
0.141	2	5	15	2	3	28	2196	0	0	0
0.142	1	0	15	3	3	22	1383	0	0	0
0.142	2	5	15	3	3	26	903	0	0	0
0.142	2	6	15	3	2	28	1095	0	0	0
0.148	2	5	15	9	3	28	2196	0	0	0
0.16	2	5	17	1	3	28	2196	0	0	0
0.161	2	5	17	2	3	28	1095	0	0	0
0.161	2	1	17	2	4	26	903	0	0	0
0.162	2	1	17	3	4	26	1836	0	0	0
0.18	2	5	19	1	3	28	2196	0	0	0
0.181	2	5	19	2	3	28	1095	0	0	0
0.181	2	1	19	2	4	24	807	0	0	0
0.182	2	1	19	3	4	24	1620	0	0	0
0.2	2	5	21	1	3	26	1836	0	0	0
0.201	2	5	21	2	3	26	903	0	0	0
0.201	2	1	21	2	4	22	693	0	0	0
0.202	2	1	21	3	4	22	1383	0	0	0
0.213	2	5	22	4	3	28	1095	0	0	0
0.213	2	1	22	4	4	20	597	0	0	0
0.22	1	3	23	1	1	28	2196	0	0	0
0.233	2	6	24	4	2	24	1620	0	0	0
0.249	1	7	25	10	2	28	2196	0	0	0
0.265	1	4	27	6	5	0	81	0	0	0
0.28	1	4	29	1	5	26	1836	0	0	0
0.281	1	4	29	2	5	26	1836	0	0	0
0.296	1	4	30	7	5	24	1620	0	0	0
0.411	1	2	42	2	4	28	2196	0	0	0
0.452	1	4	46	3	5	28	2196	0	0	0
0.509	2	6	51	10	2	26	1836	0	0	0
0.51	2	6	52	1	2	26	1836	0	0	0
0.529	1	6	53	10	6	28	2196	0	0	0
0.53	1	6	54	1	6	28	2196	0	0	0
0.531	2	1	54	2	4	28	2196	0	0	0
0.532	2	1	54	3	4	28	2196	0	0	0
0.545	1	6	55	6	6	28	2196	0	0	0
0.551	1	1	56	2	7	28	2196	0	0	0
0.552	1	1	56	3	7	28	2196	0	0	0
0.567	1	1	57	8	7	28	2196	0	0	0
0.613	1	6	62	4	6	28	1095	0	0	0
0.613	1	1	62	4	7	28	1095	0	0	0
0.693	1	3	70	4	1	28	749	0	0	0
0.693	1	7	70	4	2	28	749	0	0	0
0.693	1	2	70	4	4	28	749	0	0	0
0.733	2	5	74	4	3	18	967	0	0	0
0.813	2	5	82	4	3	28	2196	0	0	0
0.869	2	5	87	10	3	28	2196	0	0	0
0.87	2	5	88	1	3	28	2196	0	0	0
0.889	1	5	89	10	8	28	2196	0	0	0
0.89	1	5	90	1	8	28	2196	0	0	0
0.893	1	4	90	4	5	24	1620	0	0	0
0.9	1	4	91	1	5	24	1620	0	0	0
0.905	1	5	91	6	8	28	2196	0	0	0
1.013	1	5	102	4	8	28	2196	0	0	0
1.093	1	6	110	4	6	28	1095	0	0	0
1.093	1	1	110	4	7	28	1095	0	0	0
1.173	1	3	118	4	1	28	749	0	0	0
1.173	1	7	118	4	2	28	749	0	0	0
1.173	1	2	118	4	4	26	621	0	0	0
1.18	1	2	119	1	4	26	621	0	0	0
1.373	1	4	138	4	5	28	2196	0	0	0
1.493	1	5	150	4	8	26	1836	0	0	0
1.573	1	6	158	4	6	28	1095	0	0	0
1.573	1	1	158	4	7	20	597	0	0	0
1.653	1	3	166	4	1	24	533	0	0	0
1.653	1	7	166	4	2	28	749	0	0	0
1.653	1	2	166	4	4	28	749	0	0	0
1.853	1	4	186	4	5	28	2196	0	0	0
1.973	1	5	198	4	8	28	2196	0	0	0
2.053	1	6	206	4	6	28	1095	0	0	0
2.053	1	1	206	4	7	28	1095	0	0	0
2.133	1	3	214	4	1	28	749	0	0	0
2.133	1	7	214	4	2	28	749	0	0	0
2.133	1	2	214	4	4	28	749	0	0	0
2.333	1	4	234	4	5	28	2196	0	0	0
2.453	1	5	246	4	8	28	2196	0	0	0
2.533	1	6	254	4	6	28	1095	0	0	0
2.533	1	1	254	4	7	24	807	0	0	0
2.613	1	3	262	4	1	28	749	0	0	0
2.613	1	7	262	4	2	24	533	0	0	0
2.613	1	2	262	4	4	28	749	0	0	0
2.813	1	4	282	4	5	28	2196	0	0	0
2.933	1	5	294	4	8	20	1191	0	0	0
3.013	1	6	302	4	6	28	1095	0	0	0
3.013	1	1	302	4	7	28	1095	0	0	0
3.093	1	3	310	4	1	28	749	0	0	0
3.093	1	7	310	4	2	22	469	0	0	0
3.093	1	2	310	4	4	28	749	0	0	0
3.293	1	4	330	4	5	28	2196	0	0	0
3.413	1	5	342	4	8	28	2196	0	0	0
3.493	1	6	350	4	6	28	1095	0	0	0
3.493	1	1	350	4	7	28	1095	0	0	0
3.573	1	3	358	4	1	28	749	0	0	0
3.573	1	7	358	4	2	22	469	0	0	0
3.573	1	2	358	4	4	28	749	0	0	0
3.773	1	4	378	4	5	28	2196	0	0	0
3.893	1	5	390	4	8	28	2196	0	0	0
3.973	1	6	398	4	6	28	1095	0	0	0
3.973	1	1	398	4	7	28	1095	0	0	0
4.053	1	3	406	4	1	28	749	0	0	0
4.053	1	7	406	4	2	28	749	0	0	0
4.053	1	2	406	4	4	28	749	0	0	0
4.253	1	4	426	4	5	28	2196	0	0	0
4.373	1	5	438	4	8	28	2196	0	0	0
4.453	1	6	446	4	6	28	1095	0	0	0
4.453	1	1	446	4	7	28	1095	0	0	0
4.533	1	3	454	4	1	28	749	0	0	0
4.533	1	7	454	4	2	28	749	0	0	0
4.533	1	2	454	4	4	28	749	0	0	0
4.733	1	4	474	4	5	28	2196	0	0	0
4.86	1	5	487	1	8	28	2196	0	0	0
4.933	1	6	494	4	6	28	1095	0	0	0
4.933	1	1	494	4	7	24	807	0	0	0
5.013	1	3	502	4	1	26	621	0	0	0
5.013	1	7	502	4	2	28	749	0	0	0
5.013	1	2	502	4	4	28	749	0	0	0
5.333	1	5	534	4	8	28	2196	0	0	0
5.413	1	4	542	4	5	28	749	0	0	0
5.413	1	6	542	4	6	28	749	0	0	0
5.413	1	1	542	4	7	28	749	0	0	0
5.493	1	3	550	4	1	28	749	0	0	0
5.493	1	7	550	4	2	24	533	0	0	0
5.493	1	2	550	4	4	28	749	0	0	0
5.5	1	7	551	1	2	24	533	0	0	0
5.815	1	5	582	6	8	28	2196	0	0	0
5.893	1	4	590	4	5	28	749	0	0	0
5.893	1	6	590	4	6	28	749	0	0	0
5.893	1	1	590	4	7	28	749	0	0	0
5.973	1	3	598	4	1	28	749	0	0	0
5.973	1	7	598	4	2	28	749	0	0	0
5.973	1	2	598	4	4	28	749	0	0	0
6.293	1	5	630	4	8	28	2196	0	0	0
6.373	1	4	638	4	5	28	749	0	0	0
6.373	1	6	638	4	6	28	749	0	0	0
6.373	1	1	638	4	7	28	749	0	0	0
6.453	1	3	646	4	1	28	749	0	0	0
6.453	1	7	646	4	2	24	533	0	0	0
6.453	1	2	646	4	4	28	749	0	0	0
6.773	1	5	678	4	8	28	2196	0	0	0
6.853	1	4	686	4	5	28	749	0	0	0
6.853	1	6	686	4	6	28	749	0	0	0
6.853	1	1	686	4	7	28	749	0	0	0
6.933	1	3	694	4	1	28	749	0	0	0
6.933	1	7	694	4	2	28	749	0	0	0
6.933	1	2	694	4	4	28	749	0	0	0
7.253	1	5	726	4	8	28	2196	0	0	0
7.333	1	4	734	4	5	28	749	0	0	0
7.333	1	6	734	4	6	28	749	0	0	0
7.333	1	1	734	4	7	24	533	0	0	0
7.34	1	1	735	1	7	24	533	0	0	0
7.413	1	3	742	4	1	28	749	0	0	0
7.413	1	7	742	4	2	28	749	0	0	0
7.413	1	2	742	4	4	28	749	0	0	0
7.733	1	5	774	4	8	24	1620	0	0	0
7.813	1	4	782	4	5	28	749	0	0	0
7.813	1	6	782	4	6	24	533	0	0	0
7.813	1	1	782	4	7	28	749	0	0	0
7.893	1	3	790	4	1	28	749	0	0	0
7.893	1	7	790	4	2	28	749	0	0	0
7.893	1	2	790	4	4	28	749	0	0	0
7.9	1	3	791	1	1	28	749	0	0	0
8.213	1	5	822	4	8	28	2196	0	0	0
8.293	1	4	830	4	5	28	749	0	0	0
8.293	1	6	830	4	6	28	749	0	0	0
8.293	1	1	830	4	7	28	749	0	0	0
8.373	1	3	838	4	1	28	749	0	0	0
8.373	1	7	838	4	2	28	749	0	0	0
8.373	1	2	838	4	4	28	749	0	0	0
8.693	1	5	870	4	8	28	2196	0	0	0
8.773	1	4	878	4	5	28	1095	0	0	0
8.773	1	6	878	4	6	28	1095	0	0	0
8.814	1	1	882	5	7	28	2196	0	0	0
8.821	1	1	883	2	7	28	2196	0	0	0
8.853	1	3	886	4	1	28	749	0	0	0
8.853	1	7	886	4	2	28	749	0	0	0
8.853	1	2	886	4	4	28	749	0	0	0
8.86	1	7	887	1	2	28	749	0	0	0
9.173	1	5	918	4	8	28	2196	0	0	0
9.253	1	4	926	4	5	28	749	0	0	0
9.253	1	6	926	4	6	28	749	0	0	0
9.253	1	1	926	4	7	22	469	0	0	0
9.333	1	7	934	4	2	22	693	0	0	0
9.333	1	2	934	4	4	22	693	0	0	0
9.413	1	3	942	4	1	28	2196	0	0	0
9.653	1	5	966	4	8	28	2196	0	0	0
9.733	1	4	974	4	5	28	749	0	0	0
9.733	1	6	974	4	6	28	749	0	0	0
9.733	1	1	974	4	7	28	749	0	0	0
9.813	1	7	982	4	2	28	1095	0	0	0
9.813	1	2	982	4	4	28	1095	0	0	0
9.893	1	3	990	4	1	26	1836	0	0	0
10.133	1	5	1014	4	8	22	1383	0	0	0
10.14	1	5	1015	1	8	22	1383	0	0	0
10.213	1	4	1022	4	5	28	749	0	0	0
10.213	1	6	1022	4	6	24	533	0	0	0
10.213	1	1	1022	4	7	26	621	0	0	0
10.233	1	1	1024	4	7	28	2196	0	0	0
10.293	1	7	1030	4	2	28	1095	0	0	0
10.293	1	2	1030	4	4	28	1095	0	0	0
10.373	1	3	1038	4	1	28	2196	0	0	0
10.613	1	5	1062	4	8	28	2196	0	0	0
10.693	1	4	1070	4	5	28	749	0	0	0
10.693	1	6	1070	4	6	26	621	0	0	0
10.693	1	1	1070	4	7	18	325	0	0	0
10.7	1	4	1071	1	5	28	749	0	0	0
10.773	1	7	1078	4	2	28	1095	0	0	0
10.773	1	2	1078	4	4	22	693	0	0	0
10.853	1	3	1086	4	1	28	2196	0	0	0
11.093	1	5	1110	4	8	28	2196	0	0	0
11.173	1	4	1118	4	5	28	749	0	0	0
11.173	1	6	1118	4	6	28	749	0	0	0
11.173	1	1	1118	4	7	28	749	0	0	0
11.253	1	7	1126	4	2	24	807	0	0	0
11.253	1	2	1126	4	4	28	1095	0	0	0
11.26	1	7	1127	1	2	24	807	0	0	0
11.333	1	3	1134	4	1	28	2196	0	0	0
11.573	1	5	1158	4	8	28	2196	0	0	0
11.653	1	4	1166	4	5	28	749	0	0	0
11.653	1	6	1166	4	6	24	533	0	0	0
11.653	1	1	1166	4	7	28	749	0	0	0
11.733	1	7	1174	4	2	28	1095	0	0	0
11.733	1	2	1174	4	4	28	1095	0	0	0
11.813	1	3	1182	4	1	28	2196	0	0	0
12.053	1	5	1206	4	8	28	2196	0	0	0
12.133	1	4	1214	4	5	28	749	0	0	0
12.133	1	6	1214	4	6	28	749	0	0	0
12.133	1	1	1214	4	7	28	749	0	0	0
12.213	1	7	1222	4	2	28	1095	0	0	0
12.213	1	2	1222	4	4	28	1095	0	0	0
12.22	1	2	1223	1	4	28	1095	0	0	0
12.293	1	3	1230	4	1	28	2196	0	0	0
12.533	1	5	1254	4	8	22	1383	0	0	0
12.613	1	4	1262	4	5	28	749	0	0	0
12.613	1	6	1262	4	6	28	749	0	0	0
12.613	1	1	1262	4	7	24	533	0	0	0
12.693	1	7	1270	4	2	24	807	0	0	0
12.693	1	2	1270	4	4	28	1095	0	0	0
12.7	1	7	1271	1	2	24	807	0	0	0
12.773	1	3	1278	4	1	22	1383	0	0	0
13.013	1	5	1302	4	8	26	1836	0	0	0
13.093	1	4	1310	4	5	28	1095	0	0	0
13.093	1	6	1310	4	6	28	1095	0	0	0
13.094	1	1	1310	5	7	24	1620	0	0	0
13.173	1	7	1318	4	2	28	1095	0	0	0
13.173	1	2	1318	4	4	24	807	0	0	0
13.253	1	3	1326	4	1	28	2196	0	0	0
13.493	1	5	1350	4	8	28	2196	0	0	0
13.573	1	4	1358	4	5	28	749	0	0	0
13.573	1	6	1358	4	6	22	469	0	0	0
13.573	1	1	1358	4	7	24	533	0	0	0
13.58	1	6	1359	1	6	22	469	0	0	0
13.653	1	7	1366	4	2	28	1095	0	0	0
13.653	1	2	1366	4	4	24	807	0	0	0
13.733	1	3	1374	4	1	28	2196	0	0	0
13.973	1	5	1398	4	8	28	2196	0	0	0
14.053	1	4	1406	4	5	28	749	0	0	0
14.053	1	6	1406	4	6	20	389	0	0	0
14.053	1	1	1406	4	7	28	749	0	0	0
14.06	1	6	1407	1	6	20	389	0	0	0
14.133	1	7	1414	4	2	28	1095	0	0	0
14.133	1	2	1414	4	4	28	1095	0	0	0
14.233	1	3	1424	4	1	24	1620	0	0	0
14.453	1	5	1446	4	8	28	2196	0	0	0
14.533	1	6	1454	4	6	28	1095	0	0	0
14.533	1	1	1454	4	7	28	1095	0	0	0
14.613	1	7	1462	4	2	28	749	0	0	0
14.613	1	2	1462	4	4	24	533	0	0	0
14.613	1	4	1462	4	5	28	749	0	0	0
14.62	1	7	1463	1	2	28	749	0	0	0
14.693	1	3	1470	4	1	24	1620	0	0	0
14.7	1	3	1471	1	1	24	1620	0	0	0
14.933	1	5	1494	4	8	28	2196	0	0	0
15.013	1	6	1502	4	6	20	597	0	0	0
15.013	1	1	1502	4	7	28	1095	0	0	0
15.02	1	6	1503	1	6	20	597	0	0	0
15.093	1	7	1510	4	2	28	749	0	0	0
15.093	1	2	1510	4	4	28	749	0	0	0
15.093	1	4	1510	4	5	28	749	0	0	0
15.173	1	3	1518	4	1	28	2196	0	0	0
15.413	1	5	1542	4	8	28	2196	0	0	0
15.493	1	6	1550	4	6	28	1095	0	0	0
15.493	1	1	1550	4	7	28	1095	0	0	0
15.573	1	7	1558	4	2	28	749	0	0	0
15.573	1	2	1558	4	4	28	749	0	0	0
15.573	1	4	1558	4	5	28	749	0	0	0
15.653	1	3	1566	4	1	28	2196	0	0	0
15.869	1	1	1587	10	7	20	1191	0	0	0
15.87	1	1	1588	1	7	20	1191	0	0	0
15.889	1	1	1589	10	7	22	1383	0	0	0
15.89	1	1	1590	1	7	22	1383	0	0	0
15.893	1	5	1590	4	8	20	1191	0	0	0
15.909	1	1	1591	10	7	22	1383	0	0	0
15.91	1	1	1592	1	7	22	1383	0	0	0
15.929	1	1	1593	10	7	22	1383	0	0	0
15.93	1	1	1594	1	7	22	1383	0	0	0
15.949	1	1	1595	10	7	22	1383	0	0	0
15.95	1	1	1596	1	7	22	1383	0	0	0
15.969	1	1	1597	10	7	22	1383	0	0	0
15.97	1	1	1598	1	7	22	1383	0	0	0
15.973	1	6	1598	4	6	28	2196	0	0	0
15.989	1	1	1599	10	7	22	1383	0	0	0
15.99	1	1	1600	1	7	22	1383	0	0	0
16.009	1	1	1601	10	7	22	1383	0	0	0
16.01	1	1	1602	1	7	22	1383	0	0	0
16.029	1	1	1603	10	7	22	1383	0	0	0
16.03	1	1	1604	1	7	22	1383	0	0	0
16.049	1	1	1605	10	7	22	1383	0	0	0
16.05	1	1	1606	1	7	22	1383	0	0	0
16.053	1	7	1606	4	2	22	693	0	0	0
16.053	1	2	1606	4	4	28	1095	0	0	0
16.069	1	1	1607	10	7	22	1383	0	0	0
16.07	1	1	1608	1	7	22	1383	0	0	0
16.089	1	1	1609	10	7	22	1383	0	0	0
16.09	1	1	1610	1	7	22	1383	0	0	0
16.109	1	1	1611	10	7	22	1383	0	0	0
16.11	1	1	1612	1	7	22	1383	0	0	0
16.129	1	1	1613	10	7	22	1383	0	0	0
16.13	1	1	1614	1	7	22	1383	0	0	0
16.133	1	3	1614	4	1	28	2196	0	0	0
16.149	1	1	1615	10	7	22	1383	0	0	0
16.15	1	1	1616	1	7	22	1383	0	0	0
16.169	1	1	1617	10	7	22	1383	0	0	0
16.17	1	1	1618	1	7	22	1383	0	0	0
16.189	1	1	1619	10	7	22	1383	0	0	0
16.19	1	1	1620	1	7	22	1383	0	0	0
16.209	1	1	1621	10	7	22	1383	0	0	0
16.21	1	1	1622	1	7	22	1383	0	0	0
16.229	1	1	1623	10	7	22	1383	0	0	0
16.23	1	1	1624	1	7	22	1383	0	0	0
16.249	1	1	1625	10	7	22	1383	0	0	0
16.25	1	1	1626	1	7	22	1383	0	0	0
16.269	1	1	1627	10	7	22	1383	0	0	0
16.27	1	1	1628	1	7	22	1383	0	0	0
16.289	1	1	1629	10	7	22	1383	0	0	0
16.29	1	1	1630	1	7	22	1383	0	0	0
16.309	1	1	1631	10	7	22	1383	0	0	0
16.31	1	1	1632	1	7	22	1383	0	0	0
16.329	1	1	1633	10	7	22	1383	0	0	0
16.33	1	1	1634	1	7	22	1383	0	0	0
16.349	1	1	1635	10	7	22	1383	0	0	0
16.35	1	1	1636	1	7	22	1383	0	0	0
16.373	1	5	1638	4	8	22	1383	0	0	0
16.453	1	6	1646	4	6	28	2196	0	0	0
16.533	1	7	1654	4	2	28	1095	0	0	0
16.533	1	2	1654	4	4	28	1095	0	0	0
16.613	1	4	1662	4	5	28	2196	0	0	0
16.848	1	3	1685	9	1	28	2196	0	0	0
16.853	1	5	1686	4	8	28	2196	0	0	0
16.933	1	6	1694	4	6	28	2196	0	0	0
17.013	1	7	1702	4	2	24	807	0	0	0
17.013	1	2	1702	4	4	24	807	0	0	0
17.093	1	4	1710	4	5	28	1095	0	0	0
17.093	1	3	1710	4	1	28	1095	0	0	0
17.1	1	3	1711	1	1	28	1095	0	0	0
17.333	1	5	1734	4	8	28	2196	0	0	0
17.413	1	6	1742	4	6	28	2196	0	0	0
17.493	1	7	1750	4	2	28	1095	0	0	0
17.493	1	2	1750	4	4	26	903	0	0	0
17.5	1	7	1751	1	2	28	1095	0	0	0
17.573	1	4	1758	4	5	28	1095	0	0	0
17.573	1	3	1758	4	1	28	1095	0	0	0
17.82	1	5	1783	1	8	22	1383	0	0	0
17.893	1	6	1790	4	6	28	2196	0	0	0
17.973	1	7	1798	4	2	28	1095	0	0	0
17.973	1	2	1798	4	4	22	693	0	0	0
18.053	1	4	1806	4	5	28	1095	0	0	0
18.053	1	3	1806	4	1	28	1095	0	0	0
18.06	1	3	1807	1	1	28	1095	0	0	0
18.293	1	5	1830	4	8	28	2196	0	0	0
18.373	1	6	1838	4	6	28	2196	0	0	0
18.453	1	7	1846	4	2	24	807	0	0	0
18.453	1	2	1846	4	4	28	1095	0	0	0
18.46	1	7	1847	1	2	24	807	0	0	0
18.533	1	4	1854	4	5	28	2196	0	0	0
18.568	1	3	1857	9	1	28	2196	0	0	0
18.773	1	5	1878	4	8	28	2196	0	0	0
18.853	1	6	1886	4	6	24	1620	0	0	0
18.933	1	7	1894	4	2	28	1095	0	0	0
18.933	1	2	1894	4	4	28	1095	0	0	0
19.013	1	4	1902	4	5	28	2196	0	0	0
19.048	1	3	1905	9	1	28	2196	0	0	0
19.253	1	5	1926	4	8	28	2196	0	0	0
19.333	1	6	1934	4	6	28	2196	0	0	0
19.413	1	7	1942	4	2	28	1095	0	0	0
19.413	1	2	1942	4	4	28	1095	0	0	0
19.493	1	4	1950	4	5	28	2196	0	0	0
19.733	1	3	1974	4	1	18	967	0	0	0
19.753	1	5	1976	4	8	28	2196	0	0	0
19.813	1	6	1982	4	6	28	2196	0	0	0
19.893	1	7	1990	4	2	28	1095	0	0	0
19.893	1	2	1990	4	4	28	1095	0	0	0
19.973	1	4	1998	4	5	28	1095	0	0	0
19.973	1	3	1998	4	1	28	1095	0	0	0
20.213	1	5	2022	4	8	28	2196	0	0	0
20.293	1	6	2030	4	6	22	1383	0	0	0
20.373	1	7	2038	4	2	28	1095	0	0	0
20.373	1	2	2038	4	4	28	1095	0	0	0
20.38	1	7	2039	1	2	28	1095	0	0	0
20.453	1	4	2046	4	5	28	2196	0	0	0
20.528	1	3	2053	9	1	26	1836	0	0	0
20.693	1	5	2070	4	8	24	1620	0	0	0
20.773	1	6	2078	4	6	28	2196	0	0	0
20.853	1	7	2086	4	2	28	1095	0	0	0
20.853	1	2	2086	4	4	24	807	0	0	0
20.86	1	7	2087	1	2	28	1095	0	0	0
20.933	1	4	2094	4	5	28	1095	0	0	0
20.933	1	3	2094	4	1	28	1095	0	0	0
21.173	1	5	2118	4	8	28	2196	0	0	0
21.253	1	6	2126	4	6	18	967	0	0	0
21.333	1	7	2134	4	2	28	1095	0	0	0
21.333	1	2	2134	4	4	28	1095	0	0	0
21.413	1	4	2142	4	5	28	1095	0	0	0
21.413	1	3	2142	4	1	18	485	0	0	0
21.653	1	5	2166	4	8	28	2196	0	0	0
21.733	1	6	2174	4	6	28	2196	0	0	0
21.813	1	7	2182	4	2	28	1095	0	0	0
21.813	1	2	2182	4	4	28	1095	0	0	0
21.893	1	4	2190	4	5	28	2196	0	0	0
21.968	1	3	2197	9	1	28	2196	0	0	0
22.14	1	5	2215	1	8	28	2196	0	0	0
22.213	1	6	2222	4	6	28	2196	0	0	0
22.293	1	7	2230	4	2	22	693	0	0	0
22.293	1	2	2230	4	4	28	1095	0	0	0
22.3	1	7	2231	1	2	22	693	0	0	0
22.373	1	4	2238	4	5	28	2196	0	0	0
22.408	1	3	2241	9	1	28	2196	0	0	0
22.613	1	5	2262	4	8	28	2196	0	0	0
22.693	1	6	2270	4	6	28	2196	0	0	0
22.773	1	7	2278	4	2	28	1095	0	0	0
22.773	1	2	2278	4	4	28	1095	0	0	0
22.78	1	2	2279	1	4	28	1095	0	0	0
22.853	1	4	2286	4	5	28	2196	0	0	0
22.928	1	3	2293	9	1	28	2196	0	0	0
23.093	1	5	2310	4	8	20	1191	0	0	0
23.173	1	6	2318	4	6	28	2196	0	0	0
23.253	1	7	2326	4	2	28	1095	0	0	0
23.253	1	2	2326	4	4	20	597	0	0	0
23.333	1	4	2334	4	5	28	2196	0	0	0
23.368	1	3	2337	9	1	28	2196	0	0	0
23.375	1	3	2338	6	1	28	2196	0	0	0
23.573	1	5	2358	4	8	28	2196	0	0	0
23.653	1	6	2366	4	6	28	2196	0	0	0
23.733	1	7	2374	4	2	28	1095	0	0	0
23.733	1	2	2374	4	4	20	597	0	0	0
23.813	1	4	2382	4	5	28	2196	0	0	0
24.048	1	3	2405	9	1	24	1620	0	0	0
24.053	1	5	2406	4	8	24	1620	0	0	0
24.133	1	6	2414	4	6	26	1836	0	0	0
24.14	1	6	2415	1	6	26	1836	0	0	0
24.213	1	7	2422	4	2	28	1095	0	0	0
24.213	1	2	2422	4	4	24	807	0	0	0
24.293	1	4	2430	4	5	26	903	0	0	0
24.293	1	3	2430	4	1	12	301	0	0	0
24.533	1	5	2454	4	8	28	2196	0	0	0
24.613	1	6	2462	4	6	28	2196	0	0	0
24.693	1	7	2470	4	2	24	807	0	0	0
24.693	1	2	2470	4	4	28	1095	0	0	0
24.773	1	4	2478	4	5	28	2196	0	0	0
24.873	1	3	2488	4	1	14	775	0	0	0
25.013	1	5	2502	4	8	28	2196	0	0	0
25.093	1	6	2510	4	6	28	2196	0	0	0
25.173	1	7	2518	4	2	28	1095	0	0	0
25.173	1	2	2518	4	4	26	903	0	0	0
25.253	1	4	2526	4	5	28	1095	0	0	0
25.253	1	3	2526	4	1	22	693	0	0	0
25.493	1	5	2550	4	8	26	1836	0	0	0
25.573	1	6	2558	4	6	28	2196	0	0	0
25.653	1	7	2566	4	2	24	807	0	0	0
25.653	1	2	2566	4	4	28	1095	0	0	0
25.733	1	4	2574	4	5	28	1095	0	0	0
25.733	1	3	2574	4	1	28	1095	0	0	0
25.973	1	5	2598	4	8	28	2196	0	0	0
26.053	1	6	2606	4	6	28	2196	0	0	0
26.133	1	7	2614	4	2	28	1095	0	0	0
26.133	1	2	2614	4	4	24	807	0	0	0
26.213	1	4	2622	4	5	28	1095	0	0	0
26.213	1	3	2622	4	1	26	903	0	0	0
26.453	1	5	2646	4	8	28	2196	0	0	0
26.533	1	6	2654	4	6	28	2196	0	0	0
26.613	1	7	2662	4	2	22	693	0	0	0
26.613	1	2	2662	4	4	22	693	0	0	0
26.693	1	4	2670	4	5	28	1095	0	0	0
26.693	1	3	2670	4	1	28	1095	0	0	0
26.7	1	4	2671	1	5	28	1095	0	0	0
26.933	1	5	2694	4	8	20	1191	0	0	0
27.013	1	6	2702	4	6	28	2196	0	0	0
27.093	1	7	2710	4	2	28	1095	0	0	0
27.093	1	2	2710	4	4	28	1095	0	0	0
27.173	1	4	2718	4	5	28	2196	0	0	0
27.413	1	5	2742	4	8	28	2196	0	0	0
27.493	1	6	2750	4	6	20	1191	0	0	0
27.528	1	3	2753	9	1	22	1383	0	0	0
27.573	1	2	2758	4	4	24	1620	0	0	0
27.593	1	7	2760	4	2	28	2196	0	0	0
27.653	1	4	2766	4	5	24	1620	0	0	0
27.888	1	3	2789	9	1	24	1620	0	0	0
27.893	1	5	2790	4	8	20	1191	0	0	0
27.973	1	6	2798	4	6	22	1383	0	0	0
28.053	1	7	2806	4	2	28	1095	0	0	0
28.053	1	2	2806	4	4	28	1095	0	0	0
28.133	1	4	2814	4	5	24	1620	0	0	0
28.168	1	3	2817	9	1	24	1620	0	0	0
28.38	1	5	2839	1	8	22	1383	0	0	0
28.453	1	6	2846	4	6	26	1836	0	0	0
28.533	1	7	2854	4	2	28	1095	0	0	0
28.533	1	2	2854	4	4	28	1095	0	0	0
28.54	1	2	2855	1	4	28	1095	0	0	0
28.613	1	4	2862	4	5	18	967	0	0	0
28.648	1	3	2865	9	1	26	1836	0	0	0
28.853	1	5	2886	4	8	22	1383	0	0	0
28.933	1	6	2894	4	6	28	2196	0	0	0
29.013	1	7	2902	4	2	28	1095	0	0	0
29.013	1	2	2902	4	4	28	1095	0	0	0
29.093	1	4	2910	4	5	18	485	0	0	0
29.093	1	3	2910	4	1	22	693	0	0	0
29.333	1	5	2934	4	8	28	2196	0	0	0
29.413	1	6	2942	4	6	28	2196	0	0	0
29.42	1	6	2943	1	6	28	2196	0	0	0
29.493	1	7	2950	4	2	28	1095	0	0	0
29.493	1	2	2950	4	4	22	693	0	0	0
29.573	1	4	2958	4	5	28	2196	0	0	0
29.808	1	3	2981	9	1	22	1383	0	0	0
29.813	1	5	2982	4	8	20	1191	0	0	0
29.815	1	3	2982	6	1	22	1383	0	0	0
29.893	1	6	2990	4	6	14	775	0	0	0
29.9	1	6	2991	1	6	14	775	0	0	0
29.921	1	6	2993	2	6	18	967	0	0	0
29.973	1	7	2998	4	2	28	1095	0	0	0
29.973	1	2	2998	4	4	20	597	0	0	0
