% start	end	CellId	IMSI	RNTI	LCID	nTxPDUs	TxBytes	nRxPDUs	RxBytes	delay	stdDev	min	max	PduSize	stdDev	min	max
0	1	1	1	3	0	1	12	1	12	0	0	0	0	12	0	12	12	
0	1	1	1	7	1	18	576	13	342	0.00461538	0.00582435	0.003	0.024	26.3077	28.1288	2	68	
0	1	1	2	4	0	1	12	1	12	0	0	0	0	12	0	12	12	
0	1	1	2	4	1	7	106	7	106	0.009	0.00748331	0.003	0.017	15.1429	22.4457	2	48	
0	1	1	3	1	0	1	12	1	12	0	0	0	0	12	0	12	12	
0	1	1	3	1	1	9	202	7	106	0.008	0.00665833	0.003	0.017	15.1429	22.4457	2	48	
0	1	1	4	5	0	1	12	2	24	0	0	0	0	12	0	12	12	
0	1	1	4	5	1	5	56	5	56	0.0044	0.0031305	0.003	0.01	11.2	20.5718	2	48	
0	1	2	5	3	0	1	12	1	12	0	0	0	0	12	0	12	12	
0	1	1	5	8	1	18	562	14	416	0.006	0.00596141	0.003	0.024	29.7143	25.442	2	68	
0	1	2	6	2	0	1	12	1	12	0	0	0	0	12	0	12	12	
0	1	1	6	6	1	15	372	10	178	0.0051	0.00664078	0.003	0.024	17.8	26.0162	2	68	
0	1	1	7	2	0	1	12	1	12	0	0	0	0	12	0	12	12	
0	1	1	7	2	1	6	104	6	104	0.00766667	0.00571548	0.003	0.017	17.3333	23.7543	2	48	
1	2	1	1	7	1	2	4	2	4	0.003	0	0.003	0.003	2	0	2	2	
1	2	1	2	4	1	2	4	2	4	0.0065	0.00494975	0.003	0.01	2	0	2	2	
1	2	1	3	1	1	2	4	2	4	0.003	0	0.003	0.003	2	0	2	2	
1	2	1	4	5	1	2	4	2	4	0.003	0	0.003	0.003	2	0	2	2	
1	2	1	5	8	1	3	6	3	6	0.003	0	0.003	0.003	2	0	2	2	
1	2	1	6	6	1	2	4	2	4	0.003	0	0.003	0.003	2	0	2	2	
1	2	1	7	2	1	2	4	2	4	0.003	0	0.003	0.003	2	0	2	2	
2	3	1	1	7	1	2	4	2	4	0.003	0	0.003	0.003	2	0	2	2	
2	3	1	2	4	1	2	4	2	4	0.003	0	0.003	0.003	2	0	2	2	
2	3	1	3	1	1	2	4	2	4	0.003	0	0.003	0.003	2	0	2	2	
2	3	1	4	5	1	2	4	2	4	0.003	0	0.003	0.003	2	0	2	2	
2	3	1	5	8	1	2	4	2	4	0.003	0	0.003	0.003	2	0	2	2	
2	3	1	6	6	1	2	4	2	4	0.003	0	0.003	0.003	2	0	2	2	
2	3	1	7	2	1	2	4	2	4	0.003	0	0.003	0.003	2	0	2	2	
3	4	1	1	7	1	3	6	3	6	0.003	0	0.003	0.003	2	0	2	2	
3	4	1	2	4	1	2	4	2	4	0.003	0	0.003	0.003	2	0	2	2	
3	4	1	3	1	1	2	4	2	4	0.003	0	0.003	0.003	2	0	2	2	
3	4	1	4	5	1	2	4	2	4	0.003	0	0.003	0.003	2	0	2	2	
3	4	1	5	8	1	2	4	2	4	0.003	0	0.003	0.003	2	0	2	2	
3	4	1	6	6	1	3	6	3	6	0.003	0	0.003	0.003	2	0	2	2	
3	4	1	7	2	1	2	4	2	4	0.003	0	0.003	0.003	2	0	2	2	
4	5	1	1	7	1	2	4	2	4	0.003	0	0.003	0.003	2	0	2	2	
4	5	1	2	4	1	2	4	2	4	0.003	0	0.003	0.003	2	0	2	2	
4	5	1	3	1	1	2	4	2	4	0.003	0	0.003	0.003	2	0	2	2	
4	5	1	4	5	1	2	4	2	4	0.003	0	0.003	0.003	2	0	2	2	
4	5	1	5	8	1	2	4	2	4	0.003	0	0.003	0.003	2	0	2	2	
4	5	1	6	6	1	2	4	2	4	0.003	0	0.003	0.003	2	0	2	2	
4	5	1	7	2	1	2	4	2	4	0.003	0	0.003	0.003	2	0	2	2	
5	6	1	1	7	1	2	4	2	4	0.003	0	0.003	0.003	2	0	2	2	
5	6	1	2	4	1	3	6	3	6	0.003	0	0.003	0.003	2	0	2	2	
5	6	1	3	1	1	3	6	3	6	0.003	0	0.003	0.003	2	0	2	2	
5	6	1	4	5	1	2	4	2	4	0.003	0	0.003	0.003	2	0	2	2	
5	6	1	5	8	1	2	4	2	4	0.003	0	0.003	0.003	2	0	2	2	
5	6	1	6	6	1	2	4	2	4	0.003	0	0.003	0.003	2	0	2	2	
5	6	1	7	2	1	3	6	3	6	0.00533333	0.00404145	0.003	0.01	2	0	2	2	
6	7	1	1	7	1	2	4	2	4	0.003	0	0.003	0.003	2	0	2	2	
6	7	1	2	4	1	2	4	2	4	0.003	0	0.003	0.003	2	0	2	2	
6	7	1	3	1	1	2	4	2	4	0.003	0	0.003	0.003	2	0	2	2	
6	7	1	4	5	1	2	4	2	4	0.003	0	0.003	0.003	2	0	2	2	
6	7	1	5	8	1	2	4	2	4	0.003	0	0.003	0.003	2	0	2	2	
6	7	1	6	6	1	2	4	2	4	0.003	0	0.003	0.003	2	0	2	2	
6	7	1	7	2	1	2	4	2	4	0.003	0	0.003	0.003	2	0	2	2	
7	8	1	1	7	1	2	4	2	4	0.0065	0.00494975	0.003	0.01	2	0	2	2	
7	8	1	2	4	1	2	4	2	4	0.003	0	0.003	0.003	2	0	2	2	
7	8	1	3	1	1	2	4	2	4	0.0065	0.00494975	0.003	0.01	2	0	2	2	
7	8	1	4	5	1	2	4	2	4	0.003	0	0.003	0.003	2	0	2	2	
7	8	1	5	8	1	2	4	2	4	0.003	0	0.003	0.003	2	0	2	2	
7	8	1	6	6	1	2	4	2	4	0.003	0	0.003	0.003	2	0	2	2	
7	8	1	7	2	1	2	4	2	4	0.003	0	0.003	0.003	2	0	2	2	
8	9	1	1	7	1	2	4	2	4	0.0065	0.00494975	0.003	0.01	2	0	2	2	
8	9	1	2	4	1	2	4	2	4	0.003	0	0.003	0.003	2	0	2	2	
8	9	1	3	1	1	2	4	2	4	0.003	0	0.003	0.003	2	0	2	2	
8	9	1	4	5	1	2	4	2	4	0.003	0	0.003	0.003	2	0	2	2	
8	9	1	5	8	1	2	4	2	4	0.003	0	0.003	0.003	2	0	2	2	
8	9	1	6	6	1	2	4	2	4	0.003	0	0.003	0.003	2	0	2	2	
8	9	1	7	2	1	2	4	2	4	0.0065	0.00494975	0.003	0.01	2	0	2	2	
9	10	1	1	7	1	2	4	2	4	0.003	0	0.003	0.003	2	0	2	2	
9	10	1	2	4	1	2	4	2	4	0.003	0	0.003	0.003	2	0	2	2	
9	10	1	3	1	1	2	4	2	4	0.003	0	0.003	0.003	2	0	2	2	
9	10	1	4	5	1	2	4	2	4	0.003	0	0.003	0.003	2	0	2	2	
9	10	1	5	8	1	2	4	2	4	0.003	0	0.003	0.003	2	0	2	2	
9	10	1	6	6	1	2	4	2	4	0.003	0	0.003	0.003	2	0	2	2	
9	10	1	7	2	1	2	4	2	4	0.003	0	0.003	0.003	2	0	2	2	
10	11	1	1	7	1	3	6	2	4	0.003	0	0.003	0.003	2	0	2	2	
10	11	1	2	4	1	2	4	2	4	0.003	0	0.003	0.003	2	0	2	2	
10	11	1	3	1	1	2	4	2	4	0.003	0	0.003	0.003	2	0	2	2	
10	11	1	4	5	1	2	4	2	4	0.0065	0.00494975	0.003	0.01	2	0	2	2	
10	11	1	5	8	1	2	4	2	4	0.0065	0.00494975	0.003	0.01	2	0	2	2	
10	11	1	6	6	1	2	4	2	4	0.003	0	0.003	0.003	2	0	2	2	
10	11	1	7	2	1	2	4	2	4	0.003	0	0.003	0.003	2	0	2	2	
11	12	1	1	7	1	2	4	2	4	0.003	0	0.003	0.003	2	0	2	2	
11	12	1	2	4	1	2	4	2	4	0.003	0	0.003	0.003	2	0	2	2	
11	12	1	3	1	1	2	4	2	4	0.003	0	0.003	0.003	2	0	2	2	
11	12	1	4	5	1	2	4	2	4	0.003	0	0.003	0.003	2	0	2	2	
11	12	1	5	8	1	2	4	2	4	0.003	0	0.003	0.003	2	0	2	2	
11	12	1	6	6	1	2	4	2	4	0.003	0	0.003	0.003	2	0	2	2	
11	12	1	7	2	1	2	4	2	4	0.0065	0.00494975	0.003	0.01	2	0	2	2	
12	13	1	1	7	1	2	4	2	4	0.003	0	0.003	0.003	2	0	2	2	
12	13	1	2	4	1	2	4	2	4	0.0065	0.00494975	0.003	0.01	2	0	2	2	
12	13	1	3	1	1	2	4	2	4	0.003	0	0.003	0.003	2	0	2	2	
12	13	1	4	5	1	2	4	2	4	0.003	0	0.003	0.003	2	0	2	2	
12	13	1	5	8	1	2	4	2	4	0.003	0	0.003	0.003	2	0	2	2	
12	13	1	6	6	1	2	4	2	4	0.003	0	0.003	0.003	2	0	2	2	
12	13	1	7	2	1	2	4	2	4	0.0065	0.00494975	0.003	0.01	2	0	2	2	
13	14	1	1	7	1	2	4	2	4	0.003	0	0.003	0.003	2	0	2	2	
13	14	1	2	4	1	2	4	2	4	0.003	0	0.003	0.003	2	0	2	2	
13	14	1	3	1	1	2	4	2	4	0.003	0	0.003	0.003	2	0	2	2	
13	14	1	4	5	1	2	4	2	4	0.003	0	0.003	0.003	2	0	2	2	
13	14	1	5	8	1	3	6	3	6	0.003	0	0.003	0.003	2	0	2	2	
13	14	1	6	6	1	2	4	2	4	0.0065	0.00494975	0.003	0.01	2	0	2	2	
13	14	1	7	2	1	2	4	2	4	0.003	0	0.003	0.003	2	0	2	2	
14	15	1	1	7	1	2	4	2	4	0.003	0	0.003	0.003	2	0	2	2	
14	15	1	2	4	1	2	4	2	4	0.003	0	0.003	0.003	2	0	2	2	
14	15	1	3	1	1	2	4	2	4	0.0065	0.00494975	0.003	0.01	2	0	2	2	
14	15	1	4	5	1	2	4	2	4	0.003	0	0.003	0.003	2	0	2	2	
14	15	1	5	8	1	2	4	2	4	0.003	0	0.003	0.003	2	0	2	2	
14	15	1	6	6	1	2	4	2	4	0.0065	0.00494975	0.003	0.01	2	0	2	2	
14	15	1	7	2	1	2	4	2	4	0.0065	0.00494975	0.003	0.01	2	0	2	2	
15	16	1	1	7	1	10	482	4	74	0.003	0	0.003	0.003	18.5	33	2	68	
15	16	1	2	4	1	2	4	2	4	0.003	0	0.003	0.003	2	0	2	2	
15	16	1	3	1	1	2	4	2	4	0.003	0	0.003	0.003	2	0	2	2	
15	16	1	4	5	1	2	4	2	4	0.003	0	0.003	0.003	2	0	2	2	
15	16	1	5	8	1	2	4	2	4	0.003	0	0.003	0.003	2	0	2	2	
15	16	1	6	6	1	3	6	3	6	0.00533333	0.00404145	0.003	0.01	2	0	2	2	
15	16	1	7	2	1	2	4	2	4	0.003	0	0.003	0.003	2	0	2	2	
16	17	1	1	7	1	18	1224	0	0	0	0	0	0	0	0	0	0	
16	17	1	2	4	1	2	4	2	4	0.003	0	0.003	0.003	2	0	2	2	
16	17	1	3	1	1	2	4	2	4	0.003	0	0.003	0.003	2	0	2	2	
16	17	1	4	5	1	1	2	1	2	0.003	0	0.003	0.003	2	0	2	2	
16	17	1	5	8	1	2	4	2	4	0.003	0	0.003	0.003	2	0	2	2	
16	17	1	6	6	1	2	4	2	4	0.003	0	0.003	0.003	2	0	2	2	
16	17	1	7	2	1	2	4	2	4	0.003	0	0.003	0.003	2	0	2	2	
17	18	1	2	4	1	3	6	3	6	0.003	0	0.003	0.003	2	0	2	2	
17	18	1	3	1	1	2	4	2	4	0.0065	0.00494975	0.003	0.01	2	0	2	2	
17	18	1	4	5	1	2	4	2	4	0.003	0	0.003	0.003	2	0	2	2	
17	18	1	5	8	1	2	4	2	4	0.003	0	0.003	0.003	2	0	2	2	
17	18	1	6	6	1	2	4	2	4	0.003	0	0.003	0.003	2	0	2	2	
17	18	1	7	2	1	3	6	3	6	0.00533333	0.00404145	0.003	0.01	2	0	2	2	
18	19	1	2	4	1	2	4	2	4	0.003	0	0.003	0.003	2	0	2	2	
18	19	1	3	1	1	2	4	2	4	0.0065	0.00494975	0.003	0.01	2	0	2	2	
18	19	1	4	5	1	2	4	2	4	0.003	0	0.003	0.003	2	0	2	2	
18	19	1	5	8	1	2	4	2	4	0.003	0	0.003	0.003	2	0	2	2	
18	19	1	6	6	1	2	4	2	4	0.003	0	0.003	0.003	2	0	2	2	
18	19	1	7	2	1	2	4	2	4	0.0065	0.00494975	0.003	0.01	2	0	2	2	
19	20	1	2	4	1	2	4	2	4	0.003	0	0.003	0.003	2	0	2	2	
19	20	1	3	1	1	3	6	3	6	0.003	0	0.003	0.003	2	0	2	2	
19	20	1	4	5	1	3	6	3	6	0.003	0	0.003	0.003	2	0	2	2	
19	20	1	5	8	1	2	4	2	4	0.003	0	0.003	0.003	2	0	2	2	
19	20	1	6	6	1	2	4	2	4	0.003	0	0.003	0.003	2	0	2	2	
19	20	1	7	2	1	2	4	2	4	0.003	0	0.003	0.003	2	0	2	2	
20	21	1	2	4	1	2	4	2	4	0.003	0	0.003	0.003	2	0	2	2	
20	21	1	3	1	1	2	4	2	4	0.003	0	0.003	0.003	2	0	2	2	
20	21	1	4	5	1	2	4	2	4	0.003	0	0.003	0.003	2	0	2	2	
20	21	1	5	8	1	2	4	2	4	0.003	0	0.003	0.003	2	0	2	2	
20	21	1	6	6	1	2	4	2	4	0.003	0	0.003	0.003	2	0	2	2	
20	21	1	7	2	1	2	4	2	4	0.01	0	0.01	0.01	2	0	2	2	
21	22	1	2	4	1	2	4	2	4	0.003	0	0.003	0.003	2	0	2	2	
21	22	1	3	1	1	2	4	2	4	0.003	0	0.003	0.003	2	0	2	2	
21	22	1	4	5	1	2	4	2	4	0.003	0	0.003	0.003	2	0	2	2	
21	22	1	5	8	1	2	4	2	4	0.003	0	0.003	0.003	2	0	2	2	
21	22	1	6	6	1	2	4	2	4	0.003	0	0.003	0.003	2	0	2	2	
21	22	1	7	2	1	2	4	2	4	0.003	0	0.003	0.003	2	0	2	2	
22	23	1	2	4	1	2	4	2	4	0.0065	0.00494975	0.003	0.01	2	0	2	2	
22	23	1	3	1	1	2	4	2	4	0.003	0	0.003	0.003	2	0	2	2	
22	23	1	4	5	1	2	4	2	4	0.003	0	0.003	0.003	2	0	2	2	
22	23	1	5	8	1	2	4	2	4	0.003	0	0.003	0.003	2	0	2	2	
22	23	1	6	6	1	2	4	2	4	0.003	0	0.003	0.003	2	0	2	2	
22	23	1	7	2	1	2	4	2	4	0.0065	0.00494975	0.003	0.01	2	0	2	2	
23	24	1	2	4	1	2	4	2	4	0.003	0	0.003	0.003	2	0	2	2	
23	24	1	3	1	1	1	2	1	2	0.01	0	0.01	0.01	2	0	2	2	
23	24	1	4	5	1	2	4	2	4	0.003	0	0.003	0.003	2	0	2	2	
23	24	1	5	8	1	2	4	2	4	0.003	0	0.003	0.003	2	0	2	2	
23	24	1	6	6	1	2	4	2	4	0.003	0	0.003	0.003	2	0	2	2	
23	24	1	7	2	1	2	4	2	4	0.003	0	0.003	0.003	2	0	2	2	
24	25	1	2	4	1	2	4	2	4	0.003	0	0.003	0.003	2	0	2	2	
24	25	1	3	1	1	3	6	3	6	0.003	0	0.003	0.003	2	0	2	2	
24	25	1	4	5	1	2	4	2	4	0.003	0	0.003	0.003	2	0	2	2	
24	25	1	5	8	1	2	4	2	4	0.003	0	0.003	0.003	2	0	2	2	
24	25	1	6	6	1	2	4	2	4	0.0065	0.00494975	0.003	0.01	2	0	2	2	
24	25	1	7	2	1	2	4	2	4	0.003	0	0.003	0.003	2	0	2	2	
25	26	1	2	4	1	2	4	2	4	0.003	0	0.003	0.003	2	0	2	2	
25	26	1	3	1	1	2	4	2	4	0.003	0	0.003	0.003	2	0	2	2	
25	26	1	4	5	1	2	4	2	4	0.003	0	0.003	0.003	2	0	2	2	
25	26	1	5	8	1	3	6	3	6	0.003	0	0.003	0.003	2	0	2	2	
25	26	1	6	6	1	2	4	2	4	0.003	0	0.003	0.003	2	0	2	2	
25	26	1	7	2	1	2	4	2	4	0.003	0	0.003	0.003	2	0	2	2	
26	27	1	2	4	1	2	4	2	4	0.003	0	0.003	0.003	2	0	2	2	
26	27	1	3	1	1	2	4	2	4	0.003	0	0.003	0.003	2	0	2	2	
26	27	1	4	5	1	2	4	2	4	0.0065	0.00494975	0.003	0.01	2	0	2	2	
26	27	1	5	8	1	2	4	2	4	0.003	0	0.003	0.003	2	0	2	2	
26	27	1	6	6	1	2	4	2	4	0.003	0	0.003	0.003	2	0	2	2	
26	27	1	7	2	1	2	4	2	4	0.003	0	0.003	0.003	2	0	2	2	
27	28	1	2	4	1	2	4	2	4	0.003	0	0.003	0.003	2	0	2	2	
27	28	1	3	1	1	2	4	2	4	0.003	0	0.003	0.003	2	0	2	2	
27	28	1	4	5	1	2	4	2	4	0.003	0	0.003	0.003	2	0	2	2	
27	28	1	5	8	1	2	4	2	4	0.003	0	0.003	0.003	2	0	2	2	
27	28	1	6	6	1	3	6	3	6	0.003	0	0.003	0.003	2	0	2	2	
27	28	1	7	2	1	2	4	2	4	0.003	0	0.003	0.003	2	0	2	2	
28	29	1	2	4	1	2	4	2	4	0.0065	0.00494975	0.003	0.01	2	0	2	2	
28	29	1	3	1	1	2	4	2	4	0.003	0	0.003	0.003	2	0	2	2	
28	29	1	4	5	1	2	4	2	4	0.003	0	0.003	0.003	2	0	2	2	
28	29	1	5	8	1	2	4	2	4	0.003	0	0.003	0.003	2	0	2	2	
28	29	1	6	6	1	2	4	2	4	0.003	0	0.003	0.003	2	0	2	2	
28	29	1	7	2	1	2	4	2	4	0.003	0	0.003	0.003	2	0	2	2	
29	30	1	2	4	1	3	6	3	6	0.003	0	0.003	0.003	2	0	2	2	
29	30	1	3	1	1	2	4	2	4	0.0065	0.00494975	0.003	0.01	2	0	2	2	
29	30	1	4	5	1	2	4	2	4	0.003	0	0.003	0.003	2	0	2	2	
29	30	1	5	8	1	2	4	2	4	0.003	0	0.003	0.003	2	0	2	2	
29	30	1	6	6	1	3	6	2	4	0.0065	0.00494975	0.003	0.01	2	0	2	2	
29	30	1	7	2	1	3	6	3	6	0.003	0	0.003	0.003	2	0	2	2	
