% time	cellId	IMSI	RNTI	txMode	layer	mcs	size	rv	ndi	correct	ccId
27	1	2	4	0	0	0	26	0	1	1	0
27	1	3	1	0	0	0	26	0	1	1	0
27	1	7	2	0	0	0	26	0	1	1	0
27	2	5	3	0	0	0	41	0	1	1	0
27	2	6	2	0	0	0	41	0	1	1	0
34	1	1	3	0	0	24	1620	0	1	1	0
42	1	2	4	0	0	28	749	0	1	0	0
42	1	3	1	0	0	28	749	0	1	0	0
42	1	7	2	0	0	22	469	0	1	0	0
42	2	5	3	0	0	20	597	0	1	0	0
43	1	2	4	0	0	28	749	0	1	0	0
43	1	3	1	0	0	28	749	0	1	0	0
43	1	7	2	0	0	22	469	0	1	0	0
43	2	5	3	0	0	20	597	0	1	0	0
43	2	6	2	0	0	28	1095	0	1	0	0
49	1	2	4	0	0	28	749	1	0	0	0
49	1	3	1	0	0	28	749	1	0	0	0
49	1	7	2	0	0	22	469	1	0	1	0
49	2	5	3	0	0	20	597	1	0	1	0
50	1	2	4	0	0	28	749	1	0	0	0
50	1	3	1	0	0	28	749	1	0	0	0
50	1	7	2	0	0	22	469	1	0	0	0
50	2	5	3	0	0	20	597	1	0	0	0
51	1	1	3	0	0	12	597	0	1	1	0
52	1	1	3	0	0	28	2196	0	1	1	0
56	1	2	4	0	0	28	749	2	0	1	0
56	1	3	1	0	0	28	749	2	0	1	0
57	1	2	4	0	0	28	749	2	0	1	0
57	1	3	1	0	0	28	749	2	0	0	0
57	1	7	2	0	0	22	469	2	0	1	0
57	2	5	3	0	0	20	597	2	0	0	0
62	1	2	4	0	0	28	749	0	1	1	0
62	1	3	1	0	0	28	749	0	1	1	0
62	1	7	2	0	0	28	749	0	1	1	0
63	1	2	4	0	0	28	749	0	1	0	0
63	1	3	1	0	0	28	749	0	1	0	0
63	1	7	2	0	0	28	749	0	1	0	0
63	2	5	3	0	0	22	693	0	1	0	0
64	1	3	1	0	0	28	749	3	0	0	0
64	2	5	3	0	0	20	597	3	0	0	0
70	1	1	3	0	0	28	2196	0	1	0	0
70	1	2	4	0	0	28	749	1	0	0	0
70	1	3	1	0	0	28	749	1	0	0	0
70	1	7	2	0	0	28	749	1	0	1	0
70	2	5	3	0	0	22	693	1	0	0	0
72	1	1	3	0	0	24	807	0	1	1	0
72	1	7	2	0	0	22	693	0	1	1	0
77	1	2	4	0	0	28	749	2	0	1	0
77	1	3	1	0	0	28	749	2	0	0	0
77	2	5	3	0	0	22	693	2	0	0	0
83	1	3	1	0	0	28	2196	0	1	0	0
83	2	5	3	0	0	22	693	0	1	0	0
84	1	3	1	0	0	28	749	3	0	0	0
90	1	1	3	0	0	26	1836	0	1	0	0
90	1	3	1	0	0	28	2196	1	0	1	0
90	2	5	3	0	0	22	693	1	0	0	0
92	1	1	3	0	0	18	485	0	1	1	0
92	1	2	4	0	0	14	389	0	1	1	0
102	2	5	3	0	0	22	693	0	1	1	0
102	2	6	2	0	0	28	1095	0	1	1	0
103	1	1	3	0	0	24	807	0	1	0	0
103	1	3	1	0	0	28	1095	0	1	0	0
103	2	5	3	0	0	22	693	0	1	0	0
103	2	6	2	0	0	28	1095	0	1	0	0
105	1	3	1	0	0	28	2196	0	1	1	0
110	1	1	3	0	0	24	807	1	0	0	0
110	1	3	1	0	0	28	1095	1	0	0	0
110	2	5	3	0	0	22	693	1	0	0	0
110	2	6	2	0	0	28	1095	1	0	0	0
117	1	1	3	0	0	24	807	2	0	0	0
117	1	3	1	0	0	28	1095	2	0	1	0
117	2	5	3	0	0	22	693	2	0	0	0
117	2	6	2	0	0	28	1095	2	0	0	0
123	1	1	3	0	0	22	1383	0	1	0	0
123	2	5	3	0	0	26	903	0	1	0	0
123	2	6	2	0	0	28	1095	0	1	0	0
124	1	1	3	0	0	24	807	3	0	0	0
124	2	5	3	0	0	22	693	3	0	1	0
124	2	6	2	0	0	28	1095	3	0	1	0
130	1	1	3	0	0	22	1383	1	0	0	0
130	2	5	3	0	0	26	903	1	0	0	0
130	2	6	2	0	0	28	1095	1	0	0	0
137	1	1	3	0	0	22	1383	2	0	0	0
137	2	5	3	0	0	26	903	2	0	0	0
137	2	6	2	0	0	28	1095	2	0	0	0
139	2	6	2	0	0	12	597	0	1	1	0
143	1	1	3	0	0	28	2196	0	1	0	0
143	2	5	3	0	0	28	2196	0	1	0	0
144	1	1	3	0	0	22	1383	3	0	1	0
144	2	5	3	0	0	26	903	3	0	0	0
144	2	6	2	0	0	28	1095	3	0	0	0
150	2	5	3	0	0	28	2196	1	0	1	0
163	2	5	3	0	0	28	1095	0	1	1	0
163	2	1	4	0	0	26	903	0	1	1	0
183	2	5	3	0	0	28	1095	0	1	1	0
184	2	1	4	0	0	24	1620	0	1	1	0
203	2	5	3	0	0	26	903	0	1	1	0
215	2	5	3	0	0	28	1095	0	1	1	0
215	2	1	4	0	0	20	597	0	1	1	0
222	1	3	1	0	0	28	2196	0	1	1	0
235	2	6	2	0	0	24	1620	0	1	1	0
251	1	7	2	0	0	28	2196	0	1	1	0
267	1	4	5	0	0	0	81	0	1	1	0
282	1	4	5	0	0	26	1836	0	1	1	0
283	1	4	5	0	0	26	1836	0	1	1	0
298	1	4	5	0	0	24	1620	0	1	1	0
413	1	2	4	0	0	28	2196	0	1	1	0
454	1	4	5	0	0	28	2196	0	1	1	0
511	2	6	2	0	0	26	1836	0	1	1	0
512	2	6	2	0	0	26	1836	0	1	1	0
531	1	6	6	0	0	28	2196	0	1	1	0
532	1	6	6	0	0	28	2196	0	1	1	0
534	2	1	4	0	0	28	2196	0	1	1	0
547	1	6	6	0	0	28	2196	0	1	1	0
553	1	1	7	0	0	28	2196	0	1	1	0
554	1	1	7	0	0	28	2196	0	1	1	0
569	1	1	7	0	0	28	2196	0	1	1	0
615	1	6	6	0	0	28	1095	0	1	1	0
615	1	1	7	0	0	28	1095	0	1	1	0
695	1	2	4	0	0	28	749	0	1	1	0
695	1	3	1	0	0	28	749	0	1	1	0
695	1	7	2	0	0	28	749	0	1	1	0
815	2	5	3	0	0	28	2196	0	1	1	0
871	2	5	3	0	0	28	2196	0	1	1	0
872	2	5	3	0	0	28	2196	0	1	1	0
891	1	5	8	0	0	28	2196	0	1	1	0
892	1	5	8	0	0	28	2196	0	1	1	0
895	1	4	5	0	0	24	1620	0	1	0	0
902	1	4	5	0	0	24	1620	1	0	1	0
907	1	5	8	0	0	28	2196	0	1	1	0
1015	1	5	8	0	0	28	2196	0	1	1	0
1095	1	6	6	0	0	28	1095	0	1	1	0
1095	1	1	7	0	0	28	1095	0	1	1	0
1175	1	2	4	0	0	26	621	0	1	0	0
1175	1	3	1	0	0	28	749	0	1	1	0
1175	1	7	2	0	0	28	749	0	1	1	0
1182	1	2	4	0	0	26	621	1	0	1	0
1375	1	4	5	0	0	28	2196	0	1	1	0
1495	1	5	8	0	0	26	1836	0	1	1	0
1575	1	6	6	0	0	28	1095	0	1	1	0
1575	1	1	7	0	0	20	597	0	1	1	0
1655	1	2	4	0	0	28	749	0	1	1	0
1655	1	3	1	0	0	24	533	0	1	1	0
1655	1	7	2	0	0	28	749	0	1	1	0
1855	1	4	5	0	0	28	2196	0	1	1	0
1975	1	5	8	0	0	28	2196	0	1	1	0
2055	1	6	6	0	0	28	1095	0	1	1	0
2055	1	1	7	0	0	28	1095	0	1	1	0
2135	1	2	4	0	0	28	749	0	1	1	0
2135	1	3	1	0	0	28	749	0	1	1	0
2135	1	7	2	0	0	28	749	0	1	1	0
2335	1	4	5	0	0	28	2196	0	1	1	0
2455	1	5	8	0	0	28	2196	0	1	1	0
2535	1	6	6	0	0	28	1095	0	1	1	0
2535	1	1	7	0	0	24	807	0	1	1	0
2615	1	2	4	0	0	28	749	0	1	1	0
2615	1	3	1	0	0	28	749	0	1	1	0
2615	1	7	2	0	0	24	533	0	1	1	0
2815	1	4	5	0	0	28	2196	0	1	1	0
2935	1	5	8	0	0	20	1191	0	1	1	0
3015	1	6	6	0	0	28	1095	0	1	1	0
3015	1	1	7	0	0	28	1095	0	1	1	0
3095	1	2	4	0	0	28	749	0	1	1	0
3095	1	3	1	0	0	28	749	0	1	1	0
3095	1	7	2	0	0	22	469	0	1	1	0
3295	1	4	5	0	0	28	2196	0	1	1	0
3415	1	5	8	0	0	28	2196	0	1	1	0
3495	1	6	6	0	0	28	1095	0	1	1	0
3495	1	1	7	0	0	28	1095	0	1	1	0
3575	1	2	4	0	0	28	749	0	1	1	0
3575	1	3	1	0	0	28	749	0	1	1	0
3575	1	7	2	0	0	22	469	0	1	1	0
3775	1	4	5	0	0	28	2196	0	1	1	0
3895	1	5	8	0	0	28	2196	0	1	1	0
3975	1	6	6	0	0	28	1095	0	1	1	0
3975	1	1	7	0	0	28	1095	0	1	1	0
4055	1	2	4	0	0	28	749	0	1	1	0
4055	1	3	1	0	0	28	749	0	1	1	0
4055	1	7	2	0	0	28	749	0	1	1	0
4255	1	4	5	0	0	28	2196	0	1	1	0
4375	1	5	8	0	0	28	2196	0	1	1	0
4455	1	6	6	0	0	28	1095	0	1	1	0
4455	1	1	7	0	0	28	1095	0	1	1	0
4535	1	2	4	0	0	28	749	0	1	1	0
4535	1	3	1	0	0	28	749	0	1	1	0
4535	1	7	2	0	0	28	749	0	1	1	0
4735	1	4	5	0	0	28	2196	0	1	1	0
4862	1	5	8	0	0	28	2196	0	1	1	0
4935	1	6	6	0	0	28	1095	0	1	1	0
4935	1	1	7	0	0	24	807	0	1	1	0
5015	1	2	4	0	0	28	749	0	1	1	0
5015	1	3	1	0	0	26	621	0	1	1	0
5015	1	7	2	0	0	28	749	0	1	1	0
5335	1	5	8	0	0	28	2196	0	1	1	0
5415	1	4	5	0	0	28	749	0	1	1	0
5415	1	6	6	0	0	28	749	0	1	1	0
5415	1	1	7	0	0	28	749	0	1	1	0
5495	1	2	4	0	0	28	749	0	1	1	0
5495	1	3	1	0	0	28	749	0	1	1	0
5495	1	7	2	0	0	24	533	0	1	0	0
5502	1	7	2	0	0	24	533	1	0	1	0
5817	1	5	8	0	0	28	2196	0	1	1	0
5895	1	4	5	0	0	28	749	0	1	1	0
5895	1	6	6	0	0	28	749	0	1	1	0
5895	1	1	7	0	0	28	749	0	1	1	0
5975	1	2	4	0	0	28	749	0	1	1	0
5975	1	3	1	0	0	28	749	0	1	1	0
5975	1	7	2	0	0	28	749	0	1	1	0
6295	1	5	8	0	0	28	2196	0	1	1	0
6375	1	4	5	0	0	28	749	0	1	1	0
6375	1	6	6	0	0	28	749	0	1	1	0
6375	1	1	7	0	0	28	749	0	1	1	0
6455	1	2	4	0	0	28	749	0	1	1	0
6455	1	3	1	0	0	28	749	0	1	1	0
6455	1	7	2	0	0	24	533	0	1	1	0
6775	1	5	8	0	0	28	2196	0	1	1	0
6855	1	4	5	0	0	28	749	0	1	1	0
6855	1	6	6	0	0	28	749	0	1	1	0
6855	1	1	7	0	0	28	749	0	1	1	0
6935	1	2	4	0	0	28	749	0	1	1	0
6935	1	3	1	0	0	28	749	0	1	1	0
6935	1	7	2	0	0	28	749	0	1	1	0
7255	1	5	8	0	0	28	2196	0	1	1	0
7335	1	4	5	0	0	28	749	0	1	1	0
7335	1	6	6	0	0	28	749	0	1	1	0
7335	1	1	7	0	0	24	533	0	1	0	0
7342	1	1	7	0	0	24	533	1	0	1	0
7415	1	2	4	0	0	28	749	0	1	1	0
7415	1	3	1	0	0	28	749	0	1	1	0
7415	1	7	2	0	0	28	749	0	1	1	0
7735	1	5	8	0	0	24	1620	0	1	1	0
7815	1	4	5	0	0	28	749	0	1	1	0
7815	1	6	6	0	0	24	533	0	1	1	0
7815	1	1	7	0	0	28	749	0	1	1	0
7895	1	2	4	0	0	28	749	0	1	1	0
7895	1	3	1	0	0	28	749	0	1	0	0
7895	1	7	2	0	0	28	749	0	1	1	0
7902	1	3	1	0	0	28	749	1	0	1	0
8215	1	5	8	0	0	28	2196	0	1	1	0
8295	1	4	5	0	0	28	749	0	1	1	0
8295	1	6	6	0	0	28	749	0	1	1	0
8295	1	1	7	0	0	28	749	0	1	1	0
8375	1	2	4	0	0	28	749	0	1	1	0
8375	1	3	1	0	0	28	749	0	1	1	0
8375	1	7	2	0	0	28	749	0	1	1	0
8695	1	5	8	0	0	28	2196	0	1	1	0
8775	1	4	5	0	0	28	1095	0	1	1	0
8775	1	6	6	0	0	28	1095	0	1	1	0
8816	1	1	7	0	0	28	2196	0	1	0	0
8823	1	1	7	0	0	28	2196	1	0	1	0
8855	1	2	4	0	0	28	749	0	1	1	0
8855	1	3	1	0	0	28	749	0	1	1	0
8855	1	7	2	0	0	28	749	0	1	0	0
8862	1	7	2	0	0	28	749	1	0	1	0
9175	1	5	8	0	0	28	2196	0	1	1	0
9255	1	4	5	0	0	28	749	0	1	1	0
9255	1	6	6	0	0	28	749	0	1	1	0
9255	1	1	7	0	0	22	469	0	1	1	0
9335	1	2	4	0	0	22	693	0	1	1	0
9335	1	7	2	0	0	22	693	0	1	1	0
9415	1	3	1	0	0	28	2196	0	1	1	0
9655	1	5	8	0	0	28	2196	0	1	1	0
9735	1	4	5	0	0	28	749	0	1	1	0
9735	1	6	6	0	0	28	749	0	1	1	0
9735	1	1	7	0	0	28	749	0	1	1	0
9815	1	2	4	0	0	28	1095	0	1	1	0
9815	1	7	2	0	0	28	1095	0	1	1	0
9895	1	3	1	0	0	26	1836	0	1	1	0
10135	1	5	8	0	0	22	1383	0	1	0	0
10142	1	5	8	0	0	22	1383	1	0	1	0
10215	1	4	5	0	0	28	749	0	1	1	0
10215	1	6	6	0	0	24	533	0	1	1	0
10235	1	1	7	0	0	28	2196	0	1	1	0
10295	1	2	4	0	0	28	1095	0	1	1	0
10295	1	7	2	0	0	28	1095	0	1	1	0
10375	1	3	1	0	0	28	2196	0	1	1	0
10615	1	5	8	0	0	28	2196	0	1	1	0
10695	1	4	5	0	0	28	749	0	1	0	0
10695	1	6	6	0	0	26	621	0	1	1	0
10695	1	1	7	0	0	18	325	0	1	1	0
10702	1	4	5	0	0	28	749	1	0	1	0
10775	1	2	4	0	0	22	693	0	1	1	0
10775	1	7	2	0	0	28	1095	0	1	1	0
10855	1	3	1	0	0	28	2196	0	1	1	0
11095	1	5	8	0	0	28	2196	0	1	1	0
11175	1	4	5	0	0	28	749	0	1	1	0
11175	1	6	6	0	0	28	749	0	1	1	0
11175	1	1	7	0	0	28	749	0	1	1	0
11255	1	2	4	0	0	28	1095	0	1	1	0
11255	1	7	2	0	0	24	807	0	1	0	0
11262	1	7	2	0	0	24	807	1	0	1	0
11335	1	3	1	0	0	28	2196	0	1	1	0
11575	1	5	8	0	0	28	2196	0	1	1	0
11655	1	4	5	0	0	28	749	0	1	1	0
11655	1	6	6	0	0	24	533	0	1	1	0
11655	1	1	7	0	0	28	749	0	1	1	0
11735	1	2	4	0	0	28	1095	0	1	1	0
11735	1	7	2	0	0	28	1095	0	1	1	0
11815	1	3	1	0	0	28	2196	0	1	1	0
12055	1	5	8	0	0	28	2196	0	1	1	0
12135	1	4	5	0	0	28	749	0	1	1	0
12135	1	6	6	0	0	28	749	0	1	1	0
12135	1	1	7	0	0	28	749	0	1	1	0
12215	1	2	4	0	0	28	1095	0	1	0	0
12215	1	7	2	0	0	28	1095	0	1	1	0
12222	1	2	4	0	0	28	1095	1	0	1	0
12295	1	3	1	0	0	28	2196	0	1	1	0
12535	1	5	8	0	0	22	1383	0	1	1	0
12615	1	4	5	0	0	28	749	0	1	1	0
12615	1	6	6	0	0	28	749	0	1	1	0
12615	1	1	7	0	0	24	533	0	1	1	0
12695	1	2	4	0	0	28	1095	0	1	1	0
12695	1	7	2	0	0	24	807	0	1	0	0
12702	1	7	2	0	0	24	807	1	0	1	0
12775	1	3	1	0	0	22	1383	0	1	1	0
13015	1	5	8	0	0	26	1836	0	1	1	0
13095	1	4	5	0	0	28	1095	0	1	1	0
13095	1	6	6	0	0	28	1095	0	1	1	0
13096	1	1	7	0	0	24	1620	0	1	1	0
13175	1	2	4	0	0	24	807	0	1	1	0
13175	1	7	2	0	0	28	1095	0	1	1	0
13255	1	3	1	0	0	28	2196	0	1	1	0
13495	1	5	8	0	0	28	2196	0	1	1	0
13575	1	4	5	0	0	28	749	0	1	1	0
13575	1	6	6	0	0	22	469	0	1	0	0
13575	1	1	7	0	0	24	533	0	1	1	0
13582	1	6	6	0	0	22	469	1	0	1	0
13655	1	2	4	0	0	24	807	0	1	1	0
13655	1	7	2	0	0	28	1095	0	1	1	0
13735	1	3	1	0	0	28	2196	0	1	1	0
13975	1	5	8	0	0	28	2196	0	1	1	0
14055	1	4	5	0	0	28	749	0	1	1	0
14055	1	6	6	0	0	20	389	0	1	0	0
14055	1	1	7	0	0	28	749	0	1	1	0
14062	1	6	6	0	0	20	389	1	0	1	0
14135	1	2	4	0	0	28	1095	0	1	1	0
14135	1	7	2	0	0	28	1095	0	1	1	0
14235	1	3	1	0	0	24	1620	0	1	1	0
14455	1	5	8	0	0	28	2196	0	1	1	0
14535	1	6	6	0	0	28	1095	0	1	1	0
14535	1	1	7	0	0	28	1095	0	1	1	0
14615	1	2	4	0	0	24	533	0	1	1	0
14615	1	7	2	0	0	28	749	0	1	0	0
14615	1	4	5	0	0	28	749	0	1	1	0
14622	1	7	2	0	0	28	749	1	0	1	0
14695	1	3	1	0	0	24	1620	0	1	0	0
14702	1	3	1	0	0	24	1620	1	0	1	0
14935	1	5	8	0	0	28	2196	0	1	1	0
15015	1	6	6	0	0	20	597	0	1	0	0
15015	1	1	7	0	0	28	1095	0	1	1	0
15022	1	6	6	0	0	20	597	1	0	1	0
15095	1	2	4	0	0	28	749	0	1	1	0
15095	1	7	2	0	0	28	749	0	1	1	0
15095	1	4	5	0	0	28	749	0	1	1	0
15175	1	3	1	0	0	28	2196	0	1	1	0
15415	1	5	8	0	0	28	2196	0	1	1	0
15495	1	6	6	0	0	28	1095	0	1	1	0
15495	1	1	7	0	0	28	1095	0	1	1	0
15575	1	2	4	0	0	28	749	0	1	1	0
15575	1	7	2	0	0	28	749	0	1	1	0
15575	1	4	5	0	0	28	749	0	1	1	0
15655	1	3	1	0	0	28	2196	0	1	1	0
15871	1	1	7	0	0	20	1191	0	1	1	0
15872	1	1	7	0	0	20	1191	0	1	1	0
15895	1	5	8	0	0	20	1191	0	1	1	0
15975	1	6	6	0	0	28	2196	0	1	1	0
16055	1	2	4	0	0	28	1095	0	1	1	0
16055	1	7	2	0	0	22	693	0	1	1	0
16135	1	3	1	0	0	28	2196	0	1	1	0
16375	1	5	8	0	0	22	1383	0	1	1	0
16455	1	6	6	0	0	28	2196	0	1	1	0
16535	1	2	4	0	0	28	1095	0	1	1	0
16535	1	7	2	0	0	28	1095	0	1	1	0
16615	1	4	5	0	0	28	2196	0	1	1	0
16850	1	3	1	0	0	28	2196	0	1	1	0
16855	1	5	8	0	0	28	2196	0	1	1	0
16935	1	6	6	0	0	28	2196	0	1	1	0
17015	1	2	4	0	0	24	807	0	1	1	0
17015	1	7	2	0	0	24	807	0	1	1	0
17095	1	3	1	0	0	28	1095	0	1	0	0
17095	1	4	5	0	0	28	1095	0	1	1	0
17102	1	3	1	0	0	28	1095	1	0	1	0
17335	1	5	8	0	0	28	2196	0	1	1	0
17415	1	6	6	0	0	28	2196	0	1	1	0
17495	1	2	4	0	0	26	903	0	1	1	0
17495	1	7	2	0	0	28	1095	0	1	0	0
17502	1	7	2	0	0	28	1095	1	0	1	0
17575	1	3	1	0	0	28	1095	0	1	1	0
17575	1	4	5	0	0	28	1095	0	1	1	0
17822	1	5	8	0	0	22	1383	0	1	1	0
17895	1	6	6	0	0	28	2196	0	1	1	0
17975	1	2	4	0	0	22	693	0	1	1	0
17975	1	7	2	0	0	28	1095	0	1	1	0
18055	1	3	1	0	0	28	1095	0	1	0	0
18055	1	4	5	0	0	28	1095	0	1	1	0
18062	1	3	1	0	0	28	1095	1	0	1	0
18295	1	5	8	0	0	28	2196	0	1	1	0
18375	1	6	6	0	0	28	2196	0	1	1	0
18455	1	2	4	0	0	28	1095	0	1	1	0
18455	1	7	2	0	0	24	807	0	1	0	0
18462	1	7	2	0	0	24	807	1	0	1	0
18535	1	4	5	0	0	28	2196	0	1	1	0
18570	1	3	1	0	0	28	2196	0	1	1	0
18775	1	5	8	0	0	28	2196	0	1	1	0
18855	1	6	6	0	0	24	1620	0	1	1	0
18935	1	2	4	0	0	28	1095	0	1	1	0
18935	1	7	2	0	0	28	1095	0	1	1	0
19015	1	4	5	0	0	28	2196	0	1	1	0
19050	1	3	1	0	0	28	2196	0	1	1	0
19255	1	5	8	0	0	28	2196	0	1	1	0
19335	1	6	6	0	0	28	2196	0	1	1	0
19415	1	2	4	0	0	28	1095	0	1	1	0
19415	1	7	2	0	0	28	1095	0	1	1	0
19495	1	4	5	0	0	28	2196	0	1	1	0
19735	1	3	1	0	0	18	967	0	1	1	0
19755	1	5	8	0	0	28	2196	0	1	1	0
19815	1	6	6	0	0	28	2196	0	1	1	0
19895	1	2	4	0	0	28	1095	0	1	1	0
19895	1	7	2	0	0	28	1095	0	1	1	0
19975	1	3	1	0	0	28	1095	0	1	1	0
19975	1	4	5	0	0	28	1095	0	1	1	0
20215	1	5	8	0	0	28	2196	0	1	1	0
20295	1	6	6	0	0	22	1383	0	1	1	0
20375	1	2	4	0	0	28	1095	0	1	1	0
20375	1	7	2	0	0	28	1095	0	1	0	0
20382	1	7	2	0	0	28	1095	1	0	1	0
20455	1	4	5	0	0	28	2196	0	1	1	0
20530	1	3	1	0	0	26	1836	0	1	1	0
20695	1	5	8	0	0	24	1620	0	1	1	0
20775	1	6	6	0	0	28	2196	0	1	1	0
20855	1	2	4	0	0	24	807	0	1	1	0
20855	1	7	2	0	0	28	1095	0	1	0	0
20862	1	7	2	0	0	28	1095	1	0	1	0
20935	1	3	1	0	0	28	1095	0	1	1	0
20935	1	4	5	0	0	28	1095	0	1	1	0
21175	1	5	8	0	0	28	2196	0	1	1	0
21255	1	6	6	0	0	18	967	0	1	1	0
21335	1	2	4	0	0	28	1095	0	1	1	0
21335	1	7	2	0	0	28	1095	0	1	1	0
21415	1	3	1	0	0	18	485	0	1	1	0
21415	1	4	5	0	0	28	1095	0	1	1	0
21655	1	5	8	0	0	28	2196	0	1	1	0
21735	1	6	6	0	0	28	2196	0	1	1	0
21815	1	2	4	0	0	28	1095	0	1	1	0
21815	1	7	2	0	0	28	1095	0	1	1	0
21895	1	4	5	0	0	28	2196	0	1	1	0
21970	1	3	1	0	0	28	2196	0	1	1	0
22142	1	5	8	0	0	28	2196	0	1	1	0
22215	1	6	6	0	0	28	2196	0	1	1	0
22295	1	2	4	0	0	28	1095	0	1	1	0
22295	1	7	2	0	0	22	693	0	1	0	0
22302	1	7	2	0	0	22	693	1	0	1	0
22375	1	4	5	0	0	28	2196	0	1	1	0
22410	1	3	1	0	0	28	2196	0	1	1	0
22615	1	5	8	0	0	28	2196	0	1	1	0
22695	1	6	6	0	0	28	2196	0	1	1	0
22775	1	2	4	0	0	28	1095	0	1	0	0
22775	1	7	2	0	0	28	1095	0	1	1	0
22782	1	2	4	0	0	28	1095	1	0	1	0
22855	1	4	5	0	0	28	2196	0	1	1	0
22930	1	3	1	0	0	28	2196	0	1	1	0
23095	1	5	8	0	0	20	1191	0	1	1	0
23175	1	6	6	0	0	28	2196	0	1	1	0
23255	1	2	4	0	0	20	597	0	1	1	0
23255	1	7	2	0	0	28	1095	0	1	1	0
23335	1	4	5	0	0	28	2196	0	1	1	0
23370	1	3	1	0	0	28	2196	0	1	0	0
23377	1	3	1	0	0	28	2196	1	0	1	0
23575	1	5	8	0	0	28	2196	0	1	1	0
23655	1	6	6	0	0	28	2196	0	1	1	0
23735	1	2	4	0	0	20	597	0	1	1	0
23735	1	7	2	0	0	28	1095	0	1	1	0
23815	1	4	5	0	0	28	2196	0	1	1	0
24050	1	3	1	0	0	24	1620	0	1	1	0
24055	1	5	8	0	0	24	1620	0	1	1	0
24135	1	6	6	0	0	26	1836	0	1	0	0
24142	1	6	6	0	0	26	1836	1	0	1	0
24215	1	2	4	0	0	24	807	0	1	1	0
24215	1	7	2	0	0	28	1095	0	1	1	0
24295	1	3	1	0	0	12	301	0	1	1	0
24295	1	4	5	0	0	26	903	0	1	1	0
24535	1	5	8	0	0	28	2196	0	1	1	0
24615	1	6	6	0	0	28	2196	0	1	1	0
24695	1	2	4	0	0	28	1095	0	1	1	0
24695	1	7	2	0	0	24	807	0	1	1	0
24775	1	4	5	0	0	28	2196	0	1	1	0
24875	1	3	1	0	0	14	775	0	1	1	0
25015	1	5	8	0	0	28	2196	0	1	1	0
25095	1	6	6	0	0	28	2196	0	1	1	0
25175	1	2	4	0	0	26	903	0	1	1	0
25175	1	7	2	0	0	28	1095	0	1	1	0
25255	1	3	1	0	0	22	693	0	1	1	0
25255	1	4	5	0	0	28	1095	0	1	1	0
25495	1	5	8	0	0	26	1836	0	1	1	0
25575	1	6	6	0	0	28	2196	0	1	1	0
25655	1	2	4	0	0	28	1095	0	1	1	0
25655	1	7	2	0	0	24	807	0	1	1	0
25735	1	3	1	0	0	28	1095	0	1	1	0
25735	1	4	5	0	0	28	1095	0	1	1	0
25975	1	5	8	0	0	28	2196	0	1	1	0
26055	1	6	6	0	0	28	2196	0	1	1	0
26135	1	2	4	0	0	24	807	0	1	1	0
26135	1	7	2	0	0	28	1095	0	1	1	0
26215	1	3	1	0	0	26	903	0	1	1	0
26215	1	4	5	0	0	28	1095	0	1	1	0
26455	1	5	8	0	0	28	2196	0	1	1	0
26535	1	6	6	0	0	28	2196	0	1	1	0
26615	1	2	4	0	0	22	693	0	1	1	0
26615	1	7	2	0	0	22	693	0	1	1	0
26695	1	3	1	0	0	28	1095	0	1	1	0
26695	1	4	5	0	0	28	1095	0	1	0	0
26702	1	4	5	0	0	28	1095	1	0	1	0
26935	1	5	8	0	0	20	1191	0	1	1	0
27015	1	6	6	0	0	28	2196	0	1	1	0
27095	1	2	4	0	0	28	1095	0	1	1	0
27095	1	7	2	0	0	28	1095	0	1	1	0
27175	1	4	5	0	0	28	2196	0	1	1	0
27415	1	5	8	0	0	28	2196	0	1	1	0
27495	1	6	6	0	0	20	1191	0	1	1	0
27530	1	3	1	0	0	22	1383	0	1	1	0
27575	1	2	4	0	0	24	1620	0	1	1	0
27595	1	7	2	0	0	28	2196	0	1	1	0
27655	1	4	5	0	0	24	1620	0	1	1	0
27890	1	3	1	0	0	24	1620	0	1	1	0
27895	1	5	8	0	0	20	1191	0	1	1	0
27975	1	6	6	0	0	22	1383	0	1	1	0
28055	1	2	4	0	0	28	1095	0	1	1	0
28055	1	7	2	0	0	28	1095	0	1	1	0
28135	1	4	5	0	0	24	1620	0	1	1	0
28170	1	3	1	0	0	24	1620	0	1	1	0
28382	1	5	8	0	0	22	1383	0	1	1	0
28455	1	6	6	0	0	26	1836	0	1	1	0
28535	1	2	4	0	0	28	1095	0	1	0	0
28535	1	7	2	0	0	28	1095	0	1	1	0
28542	1	2	4	0	0	28	1095	1	0	1	0
28615	1	4	5	0	0	18	967	0	1	1	0
28650	1	3	1	0	0	26	1836	0	1	1	0
28855	1	5	8	0	0	22	1383	0	1	1	0
28935	1	6	6	0	0	28	2196	0	1	1	0
29015	1	2	4	0	0	28	1095	0	1	1	0
29015	1	7	2	0	0	28	1095	0	1	1	0
29095	1	3	1	0	0	22	693	0	1	1	0
29095	1	4	5	0	0	18	485	0	1	1	0
29335	1	5	8	0	0	28	2196	0	1	1	0
29415	1	6	6	0	0	28	2196	0	1	0	0
29422	1	6	6	0	0	28	2196	1	0	1	0
29495	1	2	4	0	0	22	693	0	1	1	0
29495	1	7	2	0	0	28	1095	0	1	1	0
29575	1	4	5	0	0	28	2196	0	1	1	0
29810	1	3	1	0	0	22	1383	0	1	0	0
29815	1	5	8	0	0	20	1191	0	1	1	0
29817	1	3	1	0	0	22	1383	1	0	1	0
29895	1	6	6	0	0	14	775	0	1	0	0
29923	1	6	6	0	0	18	967	0	1	1	0
29975	1	2	4	0	0	20	597	0	1	1	0
29975	1	7	2	0	0	28	1095	0	1	1	0
