% time	cellId	Interference
0.0249286	1	8.30243e-18 8.74199e-18 8.9481e-18 8.7863e-18 8.29581e-18 7.71093e-18 7.4587e-18 1.00879e-17 1.36327e-17 1.792e-17 2.26523e-17 2.75122e-17 2.79399e-17 2.53152e-17 2.26746e-17 2.01096e-17 1.76859e-17 1.54317e-17 1.25893e-20 1.25893e-20 1.25893e-20 1.25893e-20 1.25893e-20 1.25893e-20 1.25893e-20 
0.0249286	2	4.81927e-18 5.73419e-18 6.49757e-18 7.00316e-18 7.22483e-18 7.22399e-18 1.00111e-18 9.37319e-19 8.42476e-19 7.19389e-19 5.782e-19 4.4043e-19 4.23637e-19 3.41494e-19 2.79865e-19 2.61738e-19 3.04371e-19 4.08141e-19 1.0158e-17 9.97773e-18 9.65548e-18 9.26318e-18 8.89604e-18 8.63166e-18 1.25893e-20 
0.0319286	1	1.25893e-20 1.25893e-20 1.25893e-20 1.25893e-20 1.25893e-20 1.25893e-20 1.25893e-20 1.25893e-20 1.25893e-20 1.25893e-20 1.25893e-20 1.25893e-20 1.25893e-20 1.25893e-20 1.25893e-20 1.25893e-20 1.25893e-20 1.25893e-20 1.25893e-20 1.25893e-20 1.25893e-20 1.25893e-20 1.25893e-20 1.25893e-20 1.25893e-20 
0.0399286	1	1.27441e-17 1.00744e-17 7.65843e-18 5.55754e-18 3.79097e-18 2.36183e-18 1.28028e-18 5.71902e-19 2.70206e-19 4.00234e-19 9.65439e-19 1.94596e-18 1.99611e-17 1.82821e-17 1.66306e-17 1.50748e-17 1.36398e-17 1.23098e-17 1.1048e-17 9.8228e-18 8.6267e-18 7.4795e-18 6.41628e-18 5.4666e-18 1.25893e-20 
0.0399286	2	2.29632e-18 2.96069e-18 3.54171e-18 3.93457e-18 4.10133e-18 4.08669e-18 3.9976e-18 3.95721e-18 1.26254e-18 1.16467e-18 1.02351e-18 8.62712e-19 7.20908e-19 6.42864e-19 6.65613e-19 8.04771e-19 9.93661e-18 1.03175e-17 1.06318e-17 1.08157e-17 1.08432e-17 1.07381e-17 1.05618e-17 1.03807e-17 1.25893e-20 
0.0469286	1	1.25893e-20 1.25893e-20 1.25893e-20 1.25893e-20 1.25893e-20 1.25893e-20 1.25893e-20 1.25893e-20 1.25893e-20 1.25893e-20 1.25893e-20 1.25893e-20 1.25893e-20 1.25893e-20 1.25893e-20 1.25893e-20 1.25893e-20 1.25893e-20 1.25893e-20 1.25893e-20 1.25893e-20 1.25893e-20 1.25893e-20 1.25893e-20 1.25893e-20 
0.0599286	1	1.25893e-20 1.25893e-20 1.25893e-20 1.25893e-20 1.25893e-20 1.25893e-20 1.25893e-20 1.25893e-20 1.25893e-20 1.25893e-20 1.25893e-20 1.25893e-20 1.25893e-20 1.25893e-20 1.25893e-20 1.25893e-20 1.25893e-20 1.25893e-20 1.25893e-20 1.25893e-20 1.25893e-20 1.25893e-20 1.25893e-20 1.25893e-20 1.25893e-20 
0.0699286	1	1.25893e-20 1.25893e-20 1.25893e-20 1.25893e-20 1.25893e-20 1.25893e-20 1.25893e-20 1.25893e-20 1.25893e-20 1.25893e-20 1.25893e-20 1.25893e-20 1.25893e-20 1.25893e-20 1.25893e-20 1.25893e-20 1.25893e-20 1.25893e-20 1.25893e-20 1.25893e-20 1.25893e-20 1.25893e-20 1.25893e-20 1.25893e-20 1.25893e-20 
0.0899286	1	1.25893e-20 1.25893e-20 1.25893e-20 1.25893e-20 1.25893e-20 1.25893e-20 1.25893e-20 1.25893e-20 1.25893e-20 1.25893e-20 1.25893e-20 1.25893e-20 1.25893e-20 1.25893e-20 1.25893e-20 1.25893e-20 1.25893e-20 1.25893e-20 1.25893e-20 1.25893e-20 1.25893e-20 1.25893e-20 1.25893e-20 1.25893e-20 1.25893e-20 
0.0999286	2	1.25893e-20 1.25893e-20 1.25893e-20 1.25893e-20 1.25893e-20 1.25893e-20 1.25893e-20 1.25893e-20 1.25893e-20 1.25893e-20 1.25893e-20 1.25893e-20 1.25893e-20 1.25893e-20 1.25893e-20 1.25893e-20 1.25893e-20 1.25893e-20 1.25893e-20 1.25893e-20 1.25893e-20 1.25893e-20 1.25893e-20 1.25893e-20 1.25893e-20 
0.102929	1	1.25893e-20 1.25893e-20 1.25893e-20 1.25893e-20 1.25893e-20 1.25893e-20 1.25893e-20 1.25893e-20 1.25893e-20 1.25893e-20 1.25893e-20 1.25893e-20 1.25893e-20 1.25893e-20 1.25893e-20 1.25893e-20 1.25893e-20 1.25893e-20 1.25893e-20 1.25893e-20 1.25893e-20 1.25893e-20 1.25893e-20 1.25893e-20 1.25893e-20 
0.129929	1	1.25893e-20 1.25893e-20 1.25893e-20 1.25893e-20 1.25893e-20 1.25893e-20 1.25893e-20 1.25893e-20 1.25893e-20 1.25893e-20 1.25893e-20 1.25893e-20 1.25893e-20 1.25893e-20 1.25893e-20 1.25893e-20 1.25893e-20 1.25893e-20 1.25893e-20 1.25893e-20 1.25893e-20 1.25893e-20 1.25893e-20 1.25893e-20 1.25893e-20 
0.136929	2	1.25893e-20 1.25893e-20 1.25893e-20 1.25893e-20 1.25893e-20 1.25893e-20 1.25893e-20 1.25893e-20 1.25893e-20 1.25893e-20 1.25893e-20 1.25893e-20 1.25893e-20 1.25893e-20 1.25893e-20 1.25893e-20 1.25893e-20 1.25893e-20 1.25893e-20 1.25893e-20 1.25893e-20 1.25893e-20 1.25893e-20 1.25893e-20 1.25893e-20 
0.160929	2	1.25893e-20 1.25893e-20 1.25893e-20 1.25893e-20 1.25893e-20 1.25893e-20 1.25893e-20 1.25893e-20 1.25893e-20 1.25893e-20 1.25893e-20 1.25893e-20 1.25893e-20 1.25893e-20 1.25893e-20 1.25893e-20 1.25893e-20 1.25893e-20 1.25893e-20 1.25893e-20 1.25893e-20 1.25893e-20 1.25893e-20 1.25893e-20 1.25893e-20 
0.212929	2	1.25893e-20 1.25893e-20 1.25893e-20 1.25893e-20 1.25893e-20 1.25893e-20 1.25893e-20 1.25893e-20 1.25893e-20 1.25893e-20 1.25893e-20 1.25893e-20 1.25893e-20 1.25893e-20 1.25893e-20 1.25893e-20 4.99587e-18 4.20215e-18 3.38059e-18 2.63749e-18 2.03258e-18 1.57291e-18 1.22953e-18 9.63456e-19 1.25893e-20 
0.212929	1	1.25893e-20 1.25893e-20 1.25893e-20 1.25893e-20 1.25893e-20 1.25893e-20 1.25893e-20 1.25893e-20 5.93941e-18 7.18715e-18 8.24995e-18 9.07778e-18 9.72865e-18 1.03541e-17 1.11432e-17 1.22478e-17 5.79908e-17 5.23787e-17 4.78276e-17 4.41111e-17 4.09348e-17 3.80637e-17 3.53632e-17 3.27507e-17 1.25893e-20 
0.219929	1	1.25893e-20 1.25893e-20 1.25893e-20 1.25893e-20 1.25893e-20 1.25893e-20 1.25893e-20 1.25893e-20 1.25893e-20 1.25893e-20 1.25893e-20 1.25893e-20 1.25893e-20 1.25893e-20 1.25893e-20 1.25893e-20 1.25893e-20 1.25893e-20 1.25893e-20 1.25893e-20 1.25893e-20 1.25893e-20 1.25893e-20 1.25893e-20 1.25893e-20 
0.232929	2	1.25893e-20 1.25893e-20 1.25893e-20 1.25893e-20 1.25893e-20 1.25893e-20 1.25893e-20 1.25893e-20 1.25893e-20 1.25893e-20 1.25893e-20 1.25893e-20 1.25893e-20 1.25893e-20 1.25893e-20 1.25893e-20 1.25893e-20 1.25893e-20 1.25893e-20 1.25893e-20 1.25893e-20 1.25893e-20 1.25893e-20 1.25893e-20 1.25893e-20 
0.248929	1	1.25893e-20 1.25893e-20 1.25893e-20 1.25893e-20 1.25893e-20 1.25893e-20 1.25893e-20 1.25893e-20 1.25893e-20 1.25893e-20 1.25893e-20 1.25893e-20 1.25893e-20 1.25893e-20 1.25893e-20 1.25893e-20 1.25893e-20 1.25893e-20 1.25893e-20 1.25893e-20 1.25893e-20 1.25893e-20 1.25893e-20 1.25893e-20 1.25893e-20 
0.264929	1	1.25893e-20 1.25893e-20 1.25893e-20 1.25893e-20 1.25893e-20 1.25893e-20 1.25893e-20 1.25893e-20 1.25893e-20 1.25893e-20 1.25893e-20 1.25893e-20 1.25893e-20 1.25893e-20 1.25893e-20 1.25893e-20 1.25893e-20 1.25893e-20 1.25893e-20 1.25893e-20 1.25893e-20 1.25893e-20 1.25893e-20 1.25893e-20 1.25893e-20 
0.279929	1	1.25893e-20 1.25893e-20 1.25893e-20 1.25893e-20 1.25893e-20 1.25893e-20 1.25893e-20 1.25893e-20 1.25893e-20 1.25893e-20 1.25893e-20 1.25893e-20 1.25893e-20 1.25893e-20 1.25893e-20 1.25893e-20 1.25893e-20 1.25893e-20 1.25893e-20 1.25893e-20 1.25893e-20 1.25893e-20 1.25893e-20 1.25893e-20 1.25893e-20 
0.295929	1	1.25893e-20 1.25893e-20 1.25893e-20 1.25893e-20 1.25893e-20 1.25893e-20 1.25893e-20 1.25893e-20 1.25893e-20 1.25893e-20 1.25893e-20 1.25893e-20 1.25893e-20 1.25893e-20 1.25893e-20 1.25893e-20 1.25893e-20 1.25893e-20 1.25893e-20 1.25893e-20 1.25893e-20 1.25893e-20 1.25893e-20 1.25893e-20 1.25893e-20 
0.410929	1	1.25893e-20 1.25893e-20 1.25893e-20 1.25893e-20 1.25893e-20 1.25893e-20 1.25893e-20 1.25893e-20 1.25893e-20 1.25893e-20 1.25893e-20 1.25893e-20 1.25893e-20 1.25893e-20 1.25893e-20 1.25893e-20 1.25893e-20 1.25893e-20 1.25893e-20 1.25893e-20 1.25893e-20 1.25893e-20 1.25893e-20 1.25893e-20 1.25893e-20 
0.451929	1	1.25893e-20 1.25893e-20 1.25893e-20 1.25893e-20 1.25893e-20 1.25893e-20 1.25893e-20 1.25893e-20 1.25893e-20 1.25893e-20 1.25893e-20 1.25893e-20 1.25893e-20 1.25893e-20 1.25893e-20 1.25893e-20 1.25893e-20 1.25893e-20 1.25893e-20 1.25893e-20 1.25893e-20 1.25893e-20 1.25893e-20 1.25893e-20 1.25893e-20 
0.508929	2	1.25893e-20 1.25893e-20 1.25893e-20 1.25893e-20 1.25893e-20 1.25893e-20 1.25893e-20 1.25893e-20 1.25893e-20 1.25893e-20 1.25893e-20 1.25893e-20 1.25893e-20 1.25893e-20 1.25893e-20 1.25893e-20 1.25893e-20 1.25893e-20 1.25893e-20 1.25893e-20 1.25893e-20 1.25893e-20 1.25893e-20 1.25893e-20 1.25893e-20 
0.528929	1	1.25893e-20 1.25893e-20 1.25893e-20 1.25893e-20 1.25893e-20 1.25893e-20 1.25893e-20 1.25893e-20 1.25893e-20 1.25893e-20 1.25893e-20 1.25893e-20 1.25893e-20 1.25893e-20 1.25893e-20 1.25893e-20 1.25893e-20 1.25893e-20 1.25893e-20 1.25893e-20 1.25893e-20 1.25893e-20 1.25893e-20 1.25893e-20 1.25893e-20 
0.530929	2	1.25893e-20 1.25893e-20 1.25893e-20 1.25893e-20 1.25893e-20 1.25893e-20 1.25893e-20 1.25893e-20 1.25893e-20 1.25893e-20 1.25893e-20 1.25893e-20 1.25893e-20 1.25893e-20 1.25893e-20 1.25893e-20 1.25893e-20 1.25893e-20 1.25893e-20 1.25893e-20 1.25893e-20 1.25893e-20 1.25893e-20 1.25893e-20 1.25893e-20 
0.544929	1	1.25893e-20 1.25893e-20 1.25893e-20 1.25893e-20 1.25893e-20 1.25893e-20 1.25893e-20 1.25893e-20 1.25893e-20 1.25893e-20 1.25893e-20 1.25893e-20 1.25893e-20 1.25893e-20 1.25893e-20 1.25893e-20 1.25893e-20 1.25893e-20 1.25893e-20 1.25893e-20 1.25893e-20 1.25893e-20 1.25893e-20 1.25893e-20 1.25893e-20 
0.550929	1	1.25893e-20 1.25893e-20 1.25893e-20 1.25893e-20 1.25893e-20 1.25893e-20 1.25893e-20 1.25893e-20 1.25893e-20 1.25893e-20 1.25893e-20 1.25893e-20 1.25893e-20 1.25893e-20 1.25893e-20 1.25893e-20 1.25893e-20 1.25893e-20 1.25893e-20 1.25893e-20 1.25893e-20 1.25893e-20 1.25893e-20 1.25893e-20 1.25893e-20 
0.566929	1	1.25893e-20 1.25893e-20 1.25893e-20 1.25893e-20 1.25893e-20 1.25893e-20 1.25893e-20 1.25893e-20 1.25893e-20 1.25893e-20 1.25893e-20 1.25893e-20 1.25893e-20 1.25893e-20 1.25893e-20 1.25893e-20 1.25893e-20 1.25893e-20 1.25893e-20 1.25893e-20 1.25893e-20 1.25893e-20 1.25893e-20 1.25893e-20 1.25893e-20 
0.612929	1	1.25893e-20 1.25893e-20 1.25893e-20 1.25893e-20 1.25893e-20 1.25893e-20 1.25893e-20 1.25893e-20 1.25893e-20 1.25893e-20 1.25893e-20 1.25893e-20 1.25893e-20 1.25893e-20 1.25893e-20 1.25893e-20 1.25893e-20 1.25893e-20 1.25893e-20 1.25893e-20 1.25893e-20 1.25893e-20 1.25893e-20 1.25893e-20 1.25893e-20 
0.692929	1	1.25893e-20 1.25893e-20 1.25893e-20 1.25893e-20 1.25893e-20 1.25893e-20 1.25893e-20 1.25893e-20 1.25893e-20 1.25893e-20 1.25893e-20 1.25893e-20 1.25893e-20 1.25893e-20 1.25893e-20 1.25893e-20 1.25893e-20 1.25893e-20 1.25893e-20 1.25893e-20 1.25893e-20 1.25893e-20 1.25893e-20 1.25893e-20 1.25893e-20 
0.732929	2	1.25893e-20 1.25893e-20 1.25893e-20 1.25893e-20 1.25893e-20 1.25893e-20 1.25893e-20 1.25893e-20 1.25893e-20 1.25893e-20 1.25893e-20 1.25893e-20 1.25893e-20 1.25893e-20 1.25893e-20 1.25893e-20 1.25893e-20 1.25893e-20 1.25893e-20 1.25893e-20 1.25893e-20 1.25893e-20 1.25893e-20 1.25893e-20 1.25893e-20 
0.812929	2	1.25893e-20 1.25893e-20 1.25893e-20 1.25893e-20 1.25893e-20 1.25893e-20 1.25893e-20 1.25893e-20 1.25893e-20 1.25893e-20 1.25893e-20 1.25893e-20 1.25893e-20 1.25893e-20 1.25893e-20 1.25893e-20 1.25893e-20 1.25893e-20 1.25893e-20 1.25893e-20 1.25893e-20 1.25893e-20 1.25893e-20 1.25893e-20 1.25893e-20 
0.868929	2	1.25893e-20 1.25893e-20 1.25893e-20 1.25893e-20 1.25893e-20 1.25893e-20 1.25893e-20 1.25893e-20 1.25893e-20 1.25893e-20 1.25893e-20 1.25893e-20 1.25893e-20 1.25893e-20 1.25893e-20 1.25893e-20 1.25893e-20 1.25893e-20 1.25893e-20 1.25893e-20 1.25893e-20 1.25893e-20 1.25893e-20 1.25893e-20 1.25893e-20 
0.888929	1	1.25893e-20 1.25893e-20 1.25893e-20 1.25893e-20 1.25893e-20 1.25893e-20 1.25893e-20 1.25893e-20 1.25893e-20 1.25893e-20 1.25893e-20 1.25893e-20 1.25893e-20 1.25893e-20 1.25893e-20 1.25893e-20 1.25893e-20 1.25893e-20 1.25893e-20 1.25893e-20 1.25893e-20 1.25893e-20 1.25893e-20 1.25893e-20 1.25893e-20 
0.892929	1	1.25893e-20 1.25893e-20 1.25893e-20 1.25893e-20 1.25893e-20 1.25893e-20 1.25893e-20 1.25893e-20 1.25893e-20 1.25893e-20 1.25893e-20 1.25893e-20 1.25893e-20 1.25893e-20 1.25893e-20 1.25893e-20 1.25893e-20 1.25893e-20 1.25893e-20 1.25893e-20 1.25893e-20 1.25893e-20 1.25893e-20 1.25893e-20 1.25893e-20 
0.904929	1	1.25893e-20 1.25893e-20 1.25893e-20 1.25893e-20 1.25893e-20 1.25893e-20 1.25893e-20 1.25893e-20 1.25893e-20 1.25893e-20 1.25893e-20 1.25893e-20 1.25893e-20 1.25893e-20 1.25893e-20 1.25893e-20 1.25893e-20 1.25893e-20 1.25893e-20 1.25893e-20 1.25893e-20 1.25893e-20 1.25893e-20 1.25893e-20 1.25893e-20 
1.01293	1	1.25893e-20 1.25893e-20 1.25893e-20 1.25893e-20 1.25893e-20 1.25893e-20 1.25893e-20 1.25893e-20 1.25893e-20 1.25893e-20 1.25893e-20 1.25893e-20 1.25893e-20 1.25893e-20 1.25893e-20 1.25893e-20 1.25893e-20 1.25893e-20 1.25893e-20 1.25893e-20 1.25893e-20 1.25893e-20 1.25893e-20 1.25893e-20 1.25893e-20 
1.09293	1	1.25893e-20 1.25893e-20 1.25893e-20 1.25893e-20 1.25893e-20 1.25893e-20 1.25893e-20 1.25893e-20 1.25893e-20 1.25893e-20 1.25893e-20 1.25893e-20 1.25893e-20 1.25893e-20 1.25893e-20 1.25893e-20 1.25893e-20 1.25893e-20 1.25893e-20 1.25893e-20 1.25893e-20 1.25893e-20 1.25893e-20 1.25893e-20 1.25893e-20 
1.17293	1	1.25893e-20 1.25893e-20 1.25893e-20 1.25893e-20 1.25893e-20 1.25893e-20 1.25893e-20 1.25893e-20 1.25893e-20 1.25893e-20 1.25893e-20 1.25893e-20 1.25893e-20 1.25893e-20 1.25893e-20 1.25893e-20 1.25893e-20 1.25893e-20 1.25893e-20 1.25893e-20 1.25893e-20 1.25893e-20 1.25893e-20 1.25893e-20 1.25893e-20 
1.37293	1	1.25893e-20 1.25893e-20 1.25893e-20 1.25893e-20 1.25893e-20 1.25893e-20 1.25893e-20 1.25893e-20 1.25893e-20 1.25893e-20 1.25893e-20 1.25893e-20 1.25893e-20 1.25893e-20 1.25893e-20 1.25893e-20 1.25893e-20 1.25893e-20 1.25893e-20 1.25893e-20 1.25893e-20 1.25893e-20 1.25893e-20 1.25893e-20 1.25893e-20 
1.49293	1	1.25893e-20 1.25893e-20 1.25893e-20 1.25893e-20 1.25893e-20 1.25893e-20 1.25893e-20 1.25893e-20 1.25893e-20 1.25893e-20 1.25893e-20 1.25893e-20 1.25893e-20 1.25893e-20 1.25893e-20 1.25893e-20 1.25893e-20 1.25893e-20 1.25893e-20 1.25893e-20 1.25893e-20 1.25893e-20 1.25893e-20 1.25893e-20 1.25893e-20 
1.57293	1	1.25893e-20 1.25893e-20 1.25893e-20 1.25893e-20 1.25893e-20 1.25893e-20 1.25893e-20 1.25893e-20 1.25893e-20 1.25893e-20 1.25893e-20 1.25893e-20 1.25893e-20 1.25893e-20 1.25893e-20 1.25893e-20 1.25893e-20 1.25893e-20 1.25893e-20 1.25893e-20 1.25893e-20 1.25893e-20 1.25893e-20 1.25893e-20 1.25893e-20 
1.65293	1	1.25893e-20 1.25893e-20 1.25893e-20 1.25893e-20 1.25893e-20 1.25893e-20 1.25893e-20 1.25893e-20 1.25893e-20 1.25893e-20 1.25893e-20 1.25893e-20 1.25893e-20 1.25893e-20 1.25893e-20 1.25893e-20 1.25893e-20 1.25893e-20 1.25893e-20 1.25893e-20 1.25893e-20 1.25893e-20 1.25893e-20 1.25893e-20 1.25893e-20 
1.85293	1	1.25893e-20 1.25893e-20 1.25893e-20 1.25893e-20 1.25893e-20 1.25893e-20 1.25893e-20 1.25893e-20 1.25893e-20 1.25893e-20 1.25893e-20 1.25893e-20 1.25893e-20 1.25893e-20 1.25893e-20 1.25893e-20 1.25893e-20 1.25893e-20 1.25893e-20 1.25893e-20 1.25893e-20 1.25893e-20 1.25893e-20 1.25893e-20 1.25893e-20 
1.97293	1	1.25893e-20 1.25893e-20 1.25893e-20 1.25893e-20 1.25893e-20 1.25893e-20 1.25893e-20 1.25893e-20 1.25893e-20 1.25893e-20 1.25893e-20 1.25893e-20 1.25893e-20 1.25893e-20 1.25893e-20 1.25893e-20 1.25893e-20 1.25893e-20 1.25893e-20 1.25893e-20 1.25893e-20 1.25893e-20 1.25893e-20 1.25893e-20 1.25893e-20 
2.05293	1	1.25893e-20 1.25893e-20 1.25893e-20 1.25893e-20 1.25893e-20 1.25893e-20 1.25893e-20 1.25893e-20 1.25893e-20 1.25893e-20 1.25893e-20 1.25893e-20 1.25893e-20 1.25893e-20 1.25893e-20 1.25893e-20 1.25893e-20 1.25893e-20 1.25893e-20 1.25893e-20 1.25893e-20 1.25893e-20 1.25893e-20 1.25893e-20 1.25893e-20 
2.13293	1	1.25893e-20 1.25893e-20 1.25893e-20 1.25893e-20 1.25893e-20 1.25893e-20 1.25893e-20 1.25893e-20 1.25893e-20 1.25893e-20 1.25893e-20 1.25893e-20 1.25893e-20 1.25893e-20 1.25893e-20 1.25893e-20 1.25893e-20 1.25893e-20 1.25893e-20 1.25893e-20 1.25893e-20 1.25893e-20 1.25893e-20 1.25893e-20 1.25893e-20 
2.33293	1	1.25893e-20 1.25893e-20 1.25893e-20 1.25893e-20 1.25893e-20 1.25893e-20 1.25893e-20 1.25893e-20 1.25893e-20 1.25893e-20 1.25893e-20 1.25893e-20 1.25893e-20 1.25893e-20 1.25893e-20 1.25893e-20 1.25893e-20 1.25893e-20 1.25893e-20 1.25893e-20 1.25893e-20 1.25893e-20 1.25893e-20 1.25893e-20 1.25893e-20 
2.45293	1	1.25893e-20 1.25893e-20 1.25893e-20 1.25893e-20 1.25893e-20 1.25893e-20 1.25893e-20 1.25893e-20 1.25893e-20 1.25893e-20 1.25893e-20 1.25893e-20 1.25893e-20 1.25893e-20 1.25893e-20 1.25893e-20 1.25893e-20 1.25893e-20 1.25893e-20 1.25893e-20 1.25893e-20 1.25893e-20 1.25893e-20 1.25893e-20 1.25893e-20 
2.53293	1	1.25893e-20 1.25893e-20 1.25893e-20 1.25893e-20 1.25893e-20 1.25893e-20 1.25893e-20 1.25893e-20 1.25893e-20 1.25893e-20 1.25893e-20 1.25893e-20 1.25893e-20 1.25893e-20 1.25893e-20 1.25893e-20 1.25893e-20 1.25893e-20 1.25893e-20 1.25893e-20 1.25893e-20 1.25893e-20 1.25893e-20 1.25893e-20 1.25893e-20 
2.61293	1	1.25893e-20 1.25893e-20 1.25893e-20 1.25893e-20 1.25893e-20 1.25893e-20 1.25893e-20 1.25893e-20 1.25893e-20 1.25893e-20 1.25893e-20 1.25893e-20 1.25893e-20 1.25893e-20 1.25893e-20 1.25893e-20 1.25893e-20 1.25893e-20 1.25893e-20 1.25893e-20 1.25893e-20 1.25893e-20 1.25893e-20 1.25893e-20 1.25893e-20 
2.81293	1	1.25893e-20 1.25893e-20 1.25893e-20 1.25893e-20 1.25893e-20 1.25893e-20 1.25893e-20 1.25893e-20 1.25893e-20 1.25893e-20 1.25893e-20 1.25893e-20 1.25893e-20 1.25893e-20 1.25893e-20 1.25893e-20 1.25893e-20 1.25893e-20 1.25893e-20 1.25893e-20 1.25893e-20 1.25893e-20 1.25893e-20 1.25893e-20 1.25893e-20 
2.93293	1	1.25893e-20 1.25893e-20 1.25893e-20 1.25893e-20 1.25893e-20 1.25893e-20 1.25893e-20 1.25893e-20 1.25893e-20 1.25893e-20 1.25893e-20 1.25893e-20 1.25893e-20 1.25893e-20 1.25893e-20 1.25893e-20 1.25893e-20 1.25893e-20 1.25893e-20 1.25893e-20 1.25893e-20 1.25893e-20 1.25893e-20 1.25893e-20 1.25893e-20 
3.01293	1	1.25893e-20 1.25893e-20 1.25893e-20 1.25893e-20 1.25893e-20 1.25893e-20 1.25893e-20 1.25893e-20 1.25893e-20 1.25893e-20 1.25893e-20 1.25893e-20 1.25893e-20 1.25893e-20 1.25893e-20 1.25893e-20 1.25893e-20 1.25893e-20 1.25893e-20 1.25893e-20 1.25893e-20 1.25893e-20 1.25893e-20 1.25893e-20 1.25893e-20 
3.09293	1	1.25893e-20 1.25893e-20 1.25893e-20 1.25893e-20 1.25893e-20 1.25893e-20 1.25893e-20 1.25893e-20 1.25893e-20 1.25893e-20 1.25893e-20 1.25893e-20 1.25893e-20 1.25893e-20 1.25893e-20 1.25893e-20 1.25893e-20 1.25893e-20 1.25893e-20 1.25893e-20 1.25893e-20 1.25893e-20 1.25893e-20 1.25893e-20 1.25893e-20 
3.29293	1	1.25893e-20 1.25893e-20 1.25893e-20 1.25893e-20 1.25893e-20 1.25893e-20 1.25893e-20 1.25893e-20 1.25893e-20 1.25893e-20 1.25893e-20 1.25893e-20 1.25893e-20 1.25893e-20 1.25893e-20 1.25893e-20 1.25893e-20 1.25893e-20 1.25893e-20 1.25893e-20 1.25893e-20 1.25893e-20 1.25893e-20 1.25893e-20 1.25893e-20 
3.41293	1	1.25893e-20 1.25893e-20 1.25893e-20 1.25893e-20 1.25893e-20 1.25893e-20 1.25893e-20 1.25893e-20 1.25893e-20 1.25893e-20 1.25893e-20 1.25893e-20 1.25893e-20 1.25893e-20 1.25893e-20 1.25893e-20 1.25893e-20 1.25893e-20 1.25893e-20 1.25893e-20 1.25893e-20 1.25893e-20 1.25893e-20 1.25893e-20 1.25893e-20 
3.49293	1	1.25893e-20 1.25893e-20 1.25893e-20 1.25893e-20 1.25893e-20 1.25893e-20 1.25893e-20 1.25893e-20 1.25893e-20 1.25893e-20 1.25893e-20 1.25893e-20 1.25893e-20 1.25893e-20 1.25893e-20 1.25893e-20 1.25893e-20 1.25893e-20 1.25893e-20 1.25893e-20 1.25893e-20 1.25893e-20 1.25893e-20 1.25893e-20 1.25893e-20 
3.57293	1	1.25893e-20 1.25893e-20 1.25893e-20 1.25893e-20 1.25893e-20 1.25893e-20 1.25893e-20 1.25893e-20 1.25893e-20 1.25893e-20 1.25893e-20 1.25893e-20 1.25893e-20 1.25893e-20 1.25893e-20 1.25893e-20 1.25893e-20 1.25893e-20 1.25893e-20 1.25893e-20 1.25893e-20 1.25893e-20 1.25893e-20 1.25893e-20 1.25893e-20 
3.77293	1	1.25893e-20 1.25893e-20 1.25893e-20 1.25893e-20 1.25893e-20 1.25893e-20 1.25893e-20 1.25893e-20 1.25893e-20 1.25893e-20 1.25893e-20 1.25893e-20 1.25893e-20 1.25893e-20 1.25893e-20 1.25893e-20 1.25893e-20 1.25893e-20 1.25893e-20 1.25893e-20 1.25893e-20 1.25893e-20 1.25893e-20 1.25893e-20 1.25893e-20 
3.89293	1	1.25893e-20 1.25893e-20 1.25893e-20 1.25893e-20 1.25893e-20 1.25893e-20 1.25893e-20 1.25893e-20 1.25893e-20 1.25893e-20 1.25893e-20 1.25893e-20 1.25893e-20 1.25893e-20 1.25893e-20 1.25893e-20 1.25893e-20 1.25893e-20 1.25893e-20 1.25893e-20 1.25893e-20 1.25893e-20 1.25893e-20 1.25893e-20 1.25893e-20 
3.97293	1	1.25893e-20 1.25893e-20 1.25893e-20 1.25893e-20 1.25893e-20 1.25893e-20 1.25893e-20 1.25893e-20 1.25893e-20 1.25893e-20 1.25893e-20 1.25893e-20 1.25893e-20 1.25893e-20 1.25893e-20 1.25893e-20 1.25893e-20 1.25893e-20 1.25893e-20 1.25893e-20 1.25893e-20 1.25893e-20 1.25893e-20 1.25893e-20 1.25893e-20 
4.05293	1	1.25893e-20 1.25893e-20 1.25893e-20 1.25893e-20 1.25893e-20 1.25893e-20 1.25893e-20 1.25893e-20 1.25893e-20 1.25893e-20 1.25893e-20 1.25893e-20 1.25893e-20 1.25893e-20 1.25893e-20 1.25893e-20 1.25893e-20 1.25893e-20 1.25893e-20 1.25893e-20 1.25893e-20 1.25893e-20 1.25893e-20 1.25893e-20 1.25893e-20 
4.25293	1	1.25893e-20 1.25893e-20 1.25893e-20 1.25893e-20 1.25893e-20 1.25893e-20 1.25893e-20 1.25893e-20 1.25893e-20 1.25893e-20 1.25893e-20 1.25893e-20 1.25893e-20 1.25893e-20 1.25893e-20 1.25893e-20 1.25893e-20 1.25893e-20 1.25893e-20 1.25893e-20 1.25893e-20 1.25893e-20 1.25893e-20 1.25893e-20 1.25893e-20 
4.37293	1	1.25893e-20 1.25893e-20 1.25893e-20 1.25893e-20 1.25893e-20 1.25893e-20 1.25893e-20 1.25893e-20 1.25893e-20 1.25893e-20 1.25893e-20 1.25893e-20 1.25893e-20 1.25893e-20 1.25893e-20 1.25893e-20 1.25893e-20 1.25893e-20 1.25893e-20 1.25893e-20 1.25893e-20 1.25893e-20 1.25893e-20 1.25893e-20 1.25893e-20 
4.45293	1	1.25893e-20 1.25893e-20 1.25893e-20 1.25893e-20 1.25893e-20 1.25893e-20 1.25893e-20 1.25893e-20 1.25893e-20 1.25893e-20 1.25893e-20 1.25893e-20 1.25893e-20 1.25893e-20 1.25893e-20 1.25893e-20 1.25893e-20 1.25893e-20 1.25893e-20 1.25893e-20 1.25893e-20 1.25893e-20 1.25893e-20 1.25893e-20 1.25893e-20 
4.53293	1	1.25893e-20 1.25893e-20 1.25893e-20 1.25893e-20 1.25893e-20 1.25893e-20 1.25893e-20 1.25893e-20 1.25893e-20 1.25893e-20 1.25893e-20 1.25893e-20 1.25893e-20 1.25893e-20 1.25893e-20 1.25893e-20 1.25893e-20 1.25893e-20 1.25893e-20 1.25893e-20 1.25893e-20 1.25893e-20 1.25893e-20 1.25893e-20 1.25893e-20 
4.73293	1	1.25893e-20 1.25893e-20 1.25893e-20 1.25893e-20 1.25893e-20 1.25893e-20 1.25893e-20 1.25893e-20 1.25893e-20 1.25893e-20 1.25893e-20 1.25893e-20 1.25893e-20 1.25893e-20 1.25893e-20 1.25893e-20 1.25893e-20 1.25893e-20 1.25893e-20 1.25893e-20 1.25893e-20 1.25893e-20 1.25893e-20 1.25893e-20 1.25893e-20 
4.85293	1	1.25893e-20 1.25893e-20 1.25893e-20 1.25893e-20 1.25893e-20 1.25893e-20 1.25893e-20 1.25893e-20 1.25893e-20 1.25893e-20 1.25893e-20 1.25893e-20 1.25893e-20 1.25893e-20 1.25893e-20 1.25893e-20 1.25893e-20 1.25893e-20 1.25893e-20 1.25893e-20 1.25893e-20 1.25893e-20 1.25893e-20 1.25893e-20 1.25893e-20 
4.85993	1	1.25893e-20 1.25893e-20 1.25893e-20 1.25893e-20 1.25893e-20 1.25893e-20 1.25893e-20 1.25893e-20 1.25893e-20 1.25893e-20 1.25893e-20 1.25893e-20 1.25893e-20 1.25893e-20 1.25893e-20 1.25893e-20 1.25893e-20 1.25893e-20 1.25893e-20 1.25893e-20 1.25893e-20 1.25893e-20 1.25893e-20 1.25893e-20 1.25893e-20 
4.93293	1	1.25893e-20 1.25893e-20 1.25893e-20 1.25893e-20 1.25893e-20 1.25893e-20 1.25893e-20 1.25893e-20 1.25893e-20 1.25893e-20 1.25893e-20 1.25893e-20 1.25893e-20 1.25893e-20 1.25893e-20 1.25893e-20 1.25893e-20 1.25893e-20 1.25893e-20 1.25893e-20 1.25893e-20 1.25893e-20 1.25893e-20 1.25893e-20 1.25893e-20 
5.01293	1	1.25893e-20 1.25893e-20 1.25893e-20 1.25893e-20 1.25893e-20 1.25893e-20 1.25893e-20 1.25893e-20 1.25893e-20 1.25893e-20 1.25893e-20 1.25893e-20 1.25893e-20 1.25893e-20 1.25893e-20 1.25893e-20 1.25893e-20 1.25893e-20 1.25893e-20 1.25893e-20 1.25893e-20 1.25893e-20 1.25893e-20 1.25893e-20 1.25893e-20 
5.33293	1	1.25893e-20 1.25893e-20 1.25893e-20 1.25893e-20 1.25893e-20 1.25893e-20 1.25893e-20 1.25893e-20 1.25893e-20 1.25893e-20 1.25893e-20 1.25893e-20 1.25893e-20 1.25893e-20 1.25893e-20 1.25893e-20 1.25893e-20 1.25893e-20 1.25893e-20 1.25893e-20 1.25893e-20 1.25893e-20 1.25893e-20 1.25893e-20 1.25893e-20 
5.41293	1	1.25893e-20 1.25893e-20 1.25893e-20 1.25893e-20 1.25893e-20 1.25893e-20 1.25893e-20 1.25893e-20 1.25893e-20 1.25893e-20 1.25893e-20 1.25893e-20 1.25893e-20 1.25893e-20 1.25893e-20 1.25893e-20 1.25893e-20 1.25893e-20 1.25893e-20 1.25893e-20 1.25893e-20 1.25893e-20 1.25893e-20 1.25893e-20 1.25893e-20 
5.49293	1	1.25893e-20 1.25893e-20 1.25893e-20 1.25893e-20 1.25893e-20 1.25893e-20 1.25893e-20 1.25893e-20 1.25893e-20 1.25893e-20 1.25893e-20 1.25893e-20 1.25893e-20 1.25893e-20 1.25893e-20 1.25893e-20 1.25893e-20 1.25893e-20 1.25893e-20 1.25893e-20 1.25893e-20 1.25893e-20 1.25893e-20 1.25893e-20 1.25893e-20 
5.81493	1	1.25893e-20 1.25893e-20 1.25893e-20 1.25893e-20 1.25893e-20 1.25893e-20 1.25893e-20 1.25893e-20 1.25893e-20 1.25893e-20 1.25893e-20 1.25893e-20 1.25893e-20 1.25893e-20 1.25893e-20 1.25893e-20 1.25893e-20 1.25893e-20 1.25893e-20 1.25893e-20 1.25893e-20 1.25893e-20 1.25893e-20 1.25893e-20 1.25893e-20 
5.89293	1	1.25893e-20 1.25893e-20 1.25893e-20 1.25893e-20 1.25893e-20 1.25893e-20 1.25893e-20 1.25893e-20 1.25893e-20 1.25893e-20 1.25893e-20 1.25893e-20 1.25893e-20 1.25893e-20 1.25893e-20 1.25893e-20 1.25893e-20 1.25893e-20 1.25893e-20 1.25893e-20 1.25893e-20 1.25893e-20 1.25893e-20 1.25893e-20 1.25893e-20 
5.97293	1	1.25893e-20 1.25893e-20 1.25893e-20 1.25893e-20 1.25893e-20 1.25893e-20 1.25893e-20 1.25893e-20 1.25893e-20 1.25893e-20 1.25893e-20 1.25893e-20 1.25893e-20 1.25893e-20 1.25893e-20 1.25893e-20 1.25893e-20 1.25893e-20 1.25893e-20 1.25893e-20 1.25893e-20 1.25893e-20 1.25893e-20 1.25893e-20 1.25893e-20 
6.29293	1	1.25893e-20 1.25893e-20 1.25893e-20 1.25893e-20 1.25893e-20 1.25893e-20 1.25893e-20 1.25893e-20 1.25893e-20 1.25893e-20 1.25893e-20 1.25893e-20 1.25893e-20 1.25893e-20 1.25893e-20 1.25893e-20 1.25893e-20 1.25893e-20 1.25893e-20 1.25893e-20 1.25893e-20 1.25893e-20 1.25893e-20 1.25893e-20 1.25893e-20 
6.37293	1	1.25893e-20 1.25893e-20 1.25893e-20 1.25893e-20 1.25893e-20 1.25893e-20 1.25893e-20 1.25893e-20 1.25893e-20 1.25893e-20 1.25893e-20 1.25893e-20 1.25893e-20 1.25893e-20 1.25893e-20 1.25893e-20 1.25893e-20 1.25893e-20 1.25893e-20 1.25893e-20 1.25893e-20 1.25893e-20 1.25893e-20 1.25893e-20 1.25893e-20 
6.45293	1	1.25893e-20 1.25893e-20 1.25893e-20 1.25893e-20 1.25893e-20 1.25893e-20 1.25893e-20 1.25893e-20 1.25893e-20 1.25893e-20 1.25893e-20 1.25893e-20 1.25893e-20 1.25893e-20 1.25893e-20 1.25893e-20 1.25893e-20 1.25893e-20 1.25893e-20 1.25893e-20 1.25893e-20 1.25893e-20 1.25893e-20 1.25893e-20 1.25893e-20 
6.77293	1	1.25893e-20 1.25893e-20 1.25893e-20 1.25893e-20 1.25893e-20 1.25893e-20 1.25893e-20 1.25893e-20 1.25893e-20 1.25893e-20 1.25893e-20 1.25893e-20 1.25893e-20 1.25893e-20 1.25893e-20 1.25893e-20 1.25893e-20 1.25893e-20 1.25893e-20 1.25893e-20 1.25893e-20 1.25893e-20 1.25893e-20 1.25893e-20 1.25893e-20 
6.85293	1	1.25893e-20 1.25893e-20 1.25893e-20 1.25893e-20 1.25893e-20 1.25893e-20 1.25893e-20 1.25893e-20 1.25893e-20 1.25893e-20 1.25893e-20 1.25893e-20 1.25893e-20 1.25893e-20 1.25893e-20 1.25893e-20 1.25893e-20 1.25893e-20 1.25893e-20 1.25893e-20 1.25893e-20 1.25893e-20 1.25893e-20 1.25893e-20 1.25893e-20 
6.93293	1	1.25893e-20 1.25893e-20 1.25893e-20 1.25893e-20 1.25893e-20 1.25893e-20 1.25893e-20 1.25893e-20 1.25893e-20 1.25893e-20 1.25893e-20 1.25893e-20 1.25893e-20 1.25893e-20 1.25893e-20 1.25893e-20 1.25893e-20 1.25893e-20 1.25893e-20 1.25893e-20 1.25893e-20 1.25893e-20 1.25893e-20 1.25893e-20 1.25893e-20 
7.25293	1	1.25893e-20 1.25893e-20 1.25893e-20 1.25893e-20 1.25893e-20 1.25893e-20 1.25893e-20 1.25893e-20 1.25893e-20 1.25893e-20 1.25893e-20 1.25893e-20 1.25893e-20 1.25893e-20 1.25893e-20 1.25893e-20 1.25893e-20 1.25893e-20 1.25893e-20 1.25893e-20 1.25893e-20 1.25893e-20 1.25893e-20 1.25893e-20 1.25893e-20 
7.33293	1	1.25893e-20 1.25893e-20 1.25893e-20 1.25893e-20 1.25893e-20 1.25893e-20 1.25893e-20 1.25893e-20 1.25893e-20 1.25893e-20 1.25893e-20 1.25893e-20 1.25893e-20 1.25893e-20 1.25893e-20 1.25893e-20 1.25893e-20 1.25893e-20 1.25893e-20 1.25893e-20 1.25893e-20 1.25893e-20 1.25893e-20 1.25893e-20 1.25893e-20 
7.41293	1	1.25893e-20 1.25893e-20 1.25893e-20 1.25893e-20 1.25893e-20 1.25893e-20 1.25893e-20 1.25893e-20 1.25893e-20 1.25893e-20 1.25893e-20 1.25893e-20 1.25893e-20 1.25893e-20 1.25893e-20 1.25893e-20 1.25893e-20 1.25893e-20 1.25893e-20 1.25893e-20 1.25893e-20 1.25893e-20 1.25893e-20 1.25893e-20 1.25893e-20 
7.73293	1	1.25893e-20 1.25893e-20 1.25893e-20 1.25893e-20 1.25893e-20 1.25893e-20 1.25893e-20 1.25893e-20 1.25893e-20 1.25893e-20 1.25893e-20 1.25893e-20 1.25893e-20 1.25893e-20 1.25893e-20 1.25893e-20 1.25893e-20 1.25893e-20 1.25893e-20 1.25893e-20 1.25893e-20 1.25893e-20 1.25893e-20 1.25893e-20 1.25893e-20 
7.81293	1	1.25893e-20 1.25893e-20 1.25893e-20 1.25893e-20 1.25893e-20 1.25893e-20 1.25893e-20 1.25893e-20 1.25893e-20 1.25893e-20 1.25893e-20 1.25893e-20 1.25893e-20 1.25893e-20 1.25893e-20 1.25893e-20 1.25893e-20 1.25893e-20 1.25893e-20 1.25893e-20 1.25893e-20 1.25893e-20 1.25893e-20 1.25893e-20 1.25893e-20 
7.89293	1	1.25893e-20 1.25893e-20 1.25893e-20 1.25893e-20 1.25893e-20 1.25893e-20 1.25893e-20 1.25893e-20 1.25893e-20 1.25893e-20 1.25893e-20 1.25893e-20 1.25893e-20 1.25893e-20 1.25893e-20 1.25893e-20 1.25893e-20 1.25893e-20 1.25893e-20 1.25893e-20 1.25893e-20 1.25893e-20 1.25893e-20 1.25893e-20 1.25893e-20 
8.21293	1	1.25893e-20 1.25893e-20 1.25893e-20 1.25893e-20 1.25893e-20 1.25893e-20 1.25893e-20 1.25893e-20 1.25893e-20 1.25893e-20 1.25893e-20 1.25893e-20 1.25893e-20 1.25893e-20 1.25893e-20 1.25893e-20 1.25893e-20 1.25893e-20 1.25893e-20 1.25893e-20 1.25893e-20 1.25893e-20 1.25893e-20 1.25893e-20 1.25893e-20 
8.29293	1	1.25893e-20 1.25893e-20 1.25893e-20 1.25893e-20 1.25893e-20 1.25893e-20 1.25893e-20 1.25893e-20 1.25893e-20 1.25893e-20 1.25893e-20 1.25893e-20 1.25893e-20 1.25893e-20 1.25893e-20 1.25893e-20 1.25893e-20 1.25893e-20 1.25893e-20 1.25893e-20 1.25893e-20 1.25893e-20 1.25893e-20 1.25893e-20 1.25893e-20 
8.37293	1	1.25893e-20 1.25893e-20 1.25893e-20 1.25893e-20 1.25893e-20 1.25893e-20 1.25893e-20 1.25893e-20 1.25893e-20 1.25893e-20 1.25893e-20 1.25893e-20 1.25893e-20 1.25893e-20 1.25893e-20 1.25893e-20 1.25893e-20 1.25893e-20 1.25893e-20 1.25893e-20 1.25893e-20 1.25893e-20 1.25893e-20 1.25893e-20 1.25893e-20 
8.69293	1	1.25893e-20 1.25893e-20 1.25893e-20 1.25893e-20 1.25893e-20 1.25893e-20 1.25893e-20 1.25893e-20 1.25893e-20 1.25893e-20 1.25893e-20 1.25893e-20 1.25893e-20 1.25893e-20 1.25893e-20 1.25893e-20 1.25893e-20 1.25893e-20 1.25893e-20 1.25893e-20 1.25893e-20 1.25893e-20 1.25893e-20 1.25893e-20 1.25893e-20 
8.77293	1	1.25893e-20 1.25893e-20 1.25893e-20 1.25893e-20 1.25893e-20 1.25893e-20 1.25893e-20 1.25893e-20 1.25893e-20 1.25893e-20 1.25893e-20 1.25893e-20 1.25893e-20 1.25893e-20 1.25893e-20 1.25893e-20 1.25893e-20 1.25893e-20 1.25893e-20 1.25893e-20 1.25893e-20 1.25893e-20 1.25893e-20 1.25893e-20 1.25893e-20 
8.81393	1	1.25893e-20 1.25893e-20 1.25893e-20 1.25893e-20 1.25893e-20 1.25893e-20 1.25893e-20 1.25893e-20 1.25893e-20 1.25893e-20 1.25893e-20 1.25893e-20 1.25893e-20 1.25893e-20 1.25893e-20 1.25893e-20 1.25893e-20 1.25893e-20 1.25893e-20 1.25893e-20 1.25893e-20 1.25893e-20 1.25893e-20 1.25893e-20 1.25893e-20 
8.85293	1	1.25893e-20 1.25893e-20 1.25893e-20 1.25893e-20 1.25893e-20 1.25893e-20 1.25893e-20 1.25893e-20 1.25893e-20 1.25893e-20 1.25893e-20 1.25893e-20 1.25893e-20 1.25893e-20 1.25893e-20 1.25893e-20 1.25893e-20 1.25893e-20 1.25893e-20 1.25893e-20 1.25893e-20 1.25893e-20 1.25893e-20 1.25893e-20 1.25893e-20 
9.17293	1	1.25893e-20 1.25893e-20 1.25893e-20 1.25893e-20 1.25893e-20 1.25893e-20 1.25893e-20 1.25893e-20 1.25893e-20 1.25893e-20 1.25893e-20 1.25893e-20 1.25893e-20 1.25893e-20 1.25893e-20 1.25893e-20 1.25893e-20 1.25893e-20 1.25893e-20 1.25893e-20 1.25893e-20 1.25893e-20 1.25893e-20 1.25893e-20 1.25893e-20 
9.25293	1	1.25893e-20 1.25893e-20 1.25893e-20 1.25893e-20 1.25893e-20 1.25893e-20 1.25893e-20 1.25893e-20 1.25893e-20 1.25893e-20 1.25893e-20 1.25893e-20 1.25893e-20 1.25893e-20 1.25893e-20 1.25893e-20 1.25893e-20 1.25893e-20 1.25893e-20 1.25893e-20 1.25893e-20 1.25893e-20 1.25893e-20 1.25893e-20 1.25893e-20 
9.33293	1	1.25893e-20 1.25893e-20 1.25893e-20 1.25893e-20 1.25893e-20 1.25893e-20 1.25893e-20 1.25893e-20 1.25893e-20 1.25893e-20 1.25893e-20 1.25893e-20 1.25893e-20 1.25893e-20 1.25893e-20 1.25893e-20 1.25893e-20 1.25893e-20 1.25893e-20 1.25893e-20 1.25893e-20 1.25893e-20 1.25893e-20 1.25893e-20 1.25893e-20 
9.41293	1	1.25893e-20 1.25893e-20 1.25893e-20 1.25893e-20 1.25893e-20 1.25893e-20 1.25893e-20 1.25893e-20 1.25893e-20 1.25893e-20 1.25893e-20 1.25893e-20 1.25893e-20 1.25893e-20 1.25893e-20 1.25893e-20 1.25893e-20 1.25893e-20 1.25893e-20 1.25893e-20 1.25893e-20 1.25893e-20 1.25893e-20 1.25893e-20 1.25893e-20 
9.65293	1	1.25893e-20 1.25893e-20 1.25893e-20 1.25893e-20 1.25893e-20 1.25893e-20 1.25893e-20 1.25893e-20 1.25893e-20 1.25893e-20 1.25893e-20 1.25893e-20 1.25893e-20 1.25893e-20 1.25893e-20 1.25893e-20 1.25893e-20 1.25893e-20 1.25893e-20 1.25893e-20 1.25893e-20 1.25893e-20 1.25893e-20 1.25893e-20 1.25893e-20 
9.73293	1	1.25893e-20 1.25893e-20 1.25893e-20 1.25893e-20 1.25893e-20 1.25893e-20 1.25893e-20 1.25893e-20 1.25893e-20 1.25893e-20 1.25893e-20 1.25893e-20 1.25893e-20 1.25893e-20 1.25893e-20 1.25893e-20 1.25893e-20 1.25893e-20 1.25893e-20 1.25893e-20 1.25893e-20 1.25893e-20 1.25893e-20 1.25893e-20 1.25893e-20 
9.81293	1	1.25893e-20 1.25893e-20 1.25893e-20 1.25893e-20 1.25893e-20 1.25893e-20 1.25893e-20 1.25893e-20 1.25893e-20 1.25893e-20 1.25893e-20 1.25893e-20 1.25893e-20 1.25893e-20 1.25893e-20 1.25893e-20 1.25893e-20 1.25893e-20 1.25893e-20 1.25893e-20 1.25893e-20 1.25893e-20 1.25893e-20 1.25893e-20 1.25893e-20 
9.89293	1	1.25893e-20 1.25893e-20 1.25893e-20 1.25893e-20 1.25893e-20 1.25893e-20 1.25893e-20 1.25893e-20 1.25893e-20 1.25893e-20 1.25893e-20 1.25893e-20 1.25893e-20 1.25893e-20 1.25893e-20 1.25893e-20 1.25893e-20 1.25893e-20 1.25893e-20 1.25893e-20 1.25893e-20 1.25893e-20 1.25893e-20 1.25893e-20 1.25893e-20 
10.1329	1	1.25893e-20 1.25893e-20 1.25893e-20 1.25893e-20 1.25893e-20 1.25893e-20 1.25893e-20 1.25893e-20 1.25893e-20 1.25893e-20 1.25893e-20 1.25893e-20 1.25893e-20 1.25893e-20 1.25893e-20 1.25893e-20 1.25893e-20 1.25893e-20 1.25893e-20 1.25893e-20 1.25893e-20 1.25893e-20 1.25893e-20 1.25893e-20 1.25893e-20 
10.2129	1	1.25893e-20 1.25893e-20 1.25893e-20 1.25893e-20 1.25893e-20 1.25893e-20 1.25893e-20 1.25893e-20 1.25893e-20 1.25893e-20 1.25893e-20 1.25893e-20 1.25893e-20 1.25893e-20 1.25893e-20 1.25893e-20 1.25893e-20 1.25893e-20 1.25893e-20 1.25893e-20 1.25893e-20 1.25893e-20 1.25893e-20 1.25893e-20 1.25893e-20 
10.2329	1	1.25893e-20 1.25893e-20 1.25893e-20 1.25893e-20 1.25893e-20 1.25893e-20 1.25893e-20 1.25893e-20 1.25893e-20 1.25893e-20 1.25893e-20 1.25893e-20 1.25893e-20 1.25893e-20 1.25893e-20 1.25893e-20 1.25893e-20 1.25893e-20 1.25893e-20 1.25893e-20 1.25893e-20 1.25893e-20 1.25893e-20 1.25893e-20 1.25893e-20 
10.2929	1	1.25893e-20 1.25893e-20 1.25893e-20 1.25893e-20 1.25893e-20 1.25893e-20 1.25893e-20 1.25893e-20 1.25893e-20 1.25893e-20 1.25893e-20 1.25893e-20 1.25893e-20 1.25893e-20 1.25893e-20 1.25893e-20 1.25893e-20 1.25893e-20 1.25893e-20 1.25893e-20 1.25893e-20 1.25893e-20 1.25893e-20 1.25893e-20 1.25893e-20 
10.3729	1	1.25893e-20 1.25893e-20 1.25893e-20 1.25893e-20 1.25893e-20 1.25893e-20 1.25893e-20 1.25893e-20 1.25893e-20 1.25893e-20 1.25893e-20 1.25893e-20 1.25893e-20 1.25893e-20 1.25893e-20 1.25893e-20 1.25893e-20 1.25893e-20 1.25893e-20 1.25893e-20 1.25893e-20 1.25893e-20 1.25893e-20 1.25893e-20 1.25893e-20 
10.6129	1	1.25893e-20 1.25893e-20 1.25893e-20 1.25893e-20 1.25893e-20 1.25893e-20 1.25893e-20 1.25893e-20 1.25893e-20 1.25893e-20 1.25893e-20 1.25893e-20 1.25893e-20 1.25893e-20 1.25893e-20 1.25893e-20 1.25893e-20 1.25893e-20 1.25893e-20 1.25893e-20 1.25893e-20 1.25893e-20 1.25893e-20 1.25893e-20 1.25893e-20 
10.6929	1	1.25893e-20 1.25893e-20 1.25893e-20 1.25893e-20 1.25893e-20 1.25893e-20 1.25893e-20 1.25893e-20 1.25893e-20 1.25893e-20 1.25893e-20 1.25893e-20 1.25893e-20 1.25893e-20 1.25893e-20 1.25893e-20 1.25893e-20 1.25893e-20 1.25893e-20 1.25893e-20 1.25893e-20 1.25893e-20 1.25893e-20 1.25893e-20 1.25893e-20 
10.7729	1	1.25893e-20 1.25893e-20 1.25893e-20 1.25893e-20 1.25893e-20 1.25893e-20 1.25893e-20 1.25893e-20 1.25893e-20 1.25893e-20 1.25893e-20 1.25893e-20 1.25893e-20 1.25893e-20 1.25893e-20 1.25893e-20 1.25893e-20 1.25893e-20 1.25893e-20 1.25893e-20 1.25893e-20 1.25893e-20 1.25893e-20 1.25893e-20 1.25893e-20 
10.8529	1	1.25893e-20 1.25893e-20 1.25893e-20 1.25893e-20 1.25893e-20 1.25893e-20 1.25893e-20 1.25893e-20 1.25893e-20 1.25893e-20 1.25893e-20 1.25893e-20 1.25893e-20 1.25893e-20 1.25893e-20 1.25893e-20 1.25893e-20 1.25893e-20 1.25893e-20 1.25893e-20 1.25893e-20 1.25893e-20 1.25893e-20 1.25893e-20 1.25893e-20 
11.0929	1	1.25893e-20 1.25893e-20 1.25893e-20 1.25893e-20 1.25893e-20 1.25893e-20 1.25893e-20 1.25893e-20 1.25893e-20 1.25893e-20 1.25893e-20 1.25893e-20 1.25893e-20 1.25893e-20 1.25893e-20 1.25893e-20 1.25893e-20 1.25893e-20 1.25893e-20 1.25893e-20 1.25893e-20 1.25893e-20 1.25893e-20 1.25893e-20 1.25893e-20 
11.1729	1	1.25893e-20 1.25893e-20 1.25893e-20 1.25893e-20 1.25893e-20 1.25893e-20 1.25893e-20 1.25893e-20 1.25893e-20 1.25893e-20 1.25893e-20 1.25893e-20 1.25893e-20 1.25893e-20 1.25893e-20 1.25893e-20 1.25893e-20 1.25893e-20 1.25893e-20 1.25893e-20 1.25893e-20 1.25893e-20 1.25893e-20 1.25893e-20 1.25893e-20 
11.2529	1	1.25893e-20 1.25893e-20 1.25893e-20 1.25893e-20 1.25893e-20 1.25893e-20 1.25893e-20 1.25893e-20 1.25893e-20 1.25893e-20 1.25893e-20 1.25893e-20 1.25893e-20 1.25893e-20 1.25893e-20 1.25893e-20 1.25893e-20 1.25893e-20 1.25893e-20 1.25893e-20 1.25893e-20 1.25893e-20 1.25893e-20 1.25893e-20 1.25893e-20 
11.3329	1	1.25893e-20 1.25893e-20 1.25893e-20 1.25893e-20 1.25893e-20 1.25893e-20 1.25893e-20 1.25893e-20 1.25893e-20 1.25893e-20 1.25893e-20 1.25893e-20 1.25893e-20 1.25893e-20 1.25893e-20 1.25893e-20 1.25893e-20 1.25893e-20 1.25893e-20 1.25893e-20 1.25893e-20 1.25893e-20 1.25893e-20 1.25893e-20 1.25893e-20 
11.5729	1	1.25893e-20 1.25893e-20 1.25893e-20 1.25893e-20 1.25893e-20 1.25893e-20 1.25893e-20 1.25893e-20 1.25893e-20 1.25893e-20 1.25893e-20 1.25893e-20 1.25893e-20 1.25893e-20 1.25893e-20 1.25893e-20 1.25893e-20 1.25893e-20 1.25893e-20 1.25893e-20 1.25893e-20 1.25893e-20 1.25893e-20 1.25893e-20 1.25893e-20 
11.6529	1	1.25893e-20 1.25893e-20 1.25893e-20 1.25893e-20 1.25893e-20 1.25893e-20 1.25893e-20 1.25893e-20 1.25893e-20 1.25893e-20 1.25893e-20 1.25893e-20 1.25893e-20 1.25893e-20 1.25893e-20 1.25893e-20 1.25893e-20 1.25893e-20 1.25893e-20 1.25893e-20 1.25893e-20 1.25893e-20 1.25893e-20 1.25893e-20 1.25893e-20 
11.7329	1	1.25893e-20 1.25893e-20 1.25893e-20 1.25893e-20 1.25893e-20 1.25893e-20 1.25893e-20 1.25893e-20 1.25893e-20 1.25893e-20 1.25893e-20 1.25893e-20 1.25893e-20 1.25893e-20 1.25893e-20 1.25893e-20 1.25893e-20 1.25893e-20 1.25893e-20 1.25893e-20 1.25893e-20 1.25893e-20 1.25893e-20 1.25893e-20 1.25893e-20 
11.8129	1	1.25893e-20 1.25893e-20 1.25893e-20 1.25893e-20 1.25893e-20 1.25893e-20 1.25893e-20 1.25893e-20 1.25893e-20 1.25893e-20 1.25893e-20 1.25893e-20 1.25893e-20 1.25893e-20 1.25893e-20 1.25893e-20 1.25893e-20 1.25893e-20 1.25893e-20 1.25893e-20 1.25893e-20 1.25893e-20 1.25893e-20 1.25893e-20 1.25893e-20 
12.0529	1	1.25893e-20 1.25893e-20 1.25893e-20 1.25893e-20 1.25893e-20 1.25893e-20 1.25893e-20 1.25893e-20 1.25893e-20 1.25893e-20 1.25893e-20 1.25893e-20 1.25893e-20 1.25893e-20 1.25893e-20 1.25893e-20 1.25893e-20 1.25893e-20 1.25893e-20 1.25893e-20 1.25893e-20 1.25893e-20 1.25893e-20 1.25893e-20 1.25893e-20 
12.1329	1	1.25893e-20 1.25893e-20 1.25893e-20 1.25893e-20 1.25893e-20 1.25893e-20 1.25893e-20 1.25893e-20 1.25893e-20 1.25893e-20 1.25893e-20 1.25893e-20 1.25893e-20 1.25893e-20 1.25893e-20 1.25893e-20 1.25893e-20 1.25893e-20 1.25893e-20 1.25893e-20 1.25893e-20 1.25893e-20 1.25893e-20 1.25893e-20 1.25893e-20 
12.2129	1	1.25893e-20 1.25893e-20 1.25893e-20 1.25893e-20 1.25893e-20 1.25893e-20 1.25893e-20 1.25893e-20 1.25893e-20 1.25893e-20 1.25893e-20 1.25893e-20 1.25893e-20 1.25893e-20 1.25893e-20 1.25893e-20 1.25893e-20 1.25893e-20 1.25893e-20 1.25893e-20 1.25893e-20 1.25893e-20 1.25893e-20 1.25893e-20 1.25893e-20 
12.2929	1	1.25893e-20 1.25893e-20 1.25893e-20 1.25893e-20 1.25893e-20 1.25893e-20 1.25893e-20 1.25893e-20 1.25893e-20 1.25893e-20 1.25893e-20 1.25893e-20 1.25893e-20 1.25893e-20 1.25893e-20 1.25893e-20 1.25893e-20 1.25893e-20 1.25893e-20 1.25893e-20 1.25893e-20 1.25893e-20 1.25893e-20 1.25893e-20 1.25893e-20 
12.5329	1	1.25893e-20 1.25893e-20 1.25893e-20 1.25893e-20 1.25893e-20 1.25893e-20 1.25893e-20 1.25893e-20 1.25893e-20 1.25893e-20 1.25893e-20 1.25893e-20 1.25893e-20 1.25893e-20 1.25893e-20 1.25893e-20 1.25893e-20 1.25893e-20 1.25893e-20 1.25893e-20 1.25893e-20 1.25893e-20 1.25893e-20 1.25893e-20 1.25893e-20 
12.6129	1	1.25893e-20 1.25893e-20 1.25893e-20 1.25893e-20 1.25893e-20 1.25893e-20 1.25893e-20 1.25893e-20 1.25893e-20 1.25893e-20 1.25893e-20 1.25893e-20 1.25893e-20 1.25893e-20 1.25893e-20 1.25893e-20 1.25893e-20 1.25893e-20 1.25893e-20 1.25893e-20 1.25893e-20 1.25893e-20 1.25893e-20 1.25893e-20 1.25893e-20 
12.6929	1	1.25893e-20 1.25893e-20 1.25893e-20 1.25893e-20 1.25893e-20 1.25893e-20 1.25893e-20 1.25893e-20 1.25893e-20 1.25893e-20 1.25893e-20 1.25893e-20 1.25893e-20 1.25893e-20 1.25893e-20 1.25893e-20 1.25893e-20 1.25893e-20 1.25893e-20 1.25893e-20 1.25893e-20 1.25893e-20 1.25893e-20 1.25893e-20 1.25893e-20 
12.7729	1	1.25893e-20 1.25893e-20 1.25893e-20 1.25893e-20 1.25893e-20 1.25893e-20 1.25893e-20 1.25893e-20 1.25893e-20 1.25893e-20 1.25893e-20 1.25893e-20 1.25893e-20 1.25893e-20 1.25893e-20 1.25893e-20 1.25893e-20 1.25893e-20 1.25893e-20 1.25893e-20 1.25893e-20 1.25893e-20 1.25893e-20 1.25893e-20 1.25893e-20 
13.0129	1	1.25893e-20 1.25893e-20 1.25893e-20 1.25893e-20 1.25893e-20 1.25893e-20 1.25893e-20 1.25893e-20 1.25893e-20 1.25893e-20 1.25893e-20 1.25893e-20 1.25893e-20 1.25893e-20 1.25893e-20 1.25893e-20 1.25893e-20 1.25893e-20 1.25893e-20 1.25893e-20 1.25893e-20 1.25893e-20 1.25893e-20 1.25893e-20 1.25893e-20 
13.0929	1	1.25893e-20 1.25893e-20 1.25893e-20 1.25893e-20 1.25893e-20 1.25893e-20 1.25893e-20 1.25893e-20 1.25893e-20 1.25893e-20 1.25893e-20 1.25893e-20 1.25893e-20 1.25893e-20 1.25893e-20 1.25893e-20 1.25893e-20 1.25893e-20 1.25893e-20 1.25893e-20 1.25893e-20 1.25893e-20 1.25893e-20 1.25893e-20 1.25893e-20 
13.0939	1	1.25893e-20 1.25893e-20 1.25893e-20 1.25893e-20 1.25893e-20 1.25893e-20 1.25893e-20 1.25893e-20 1.25893e-20 1.25893e-20 1.25893e-20 1.25893e-20 1.25893e-20 1.25893e-20 1.25893e-20 1.25893e-20 1.25893e-20 1.25893e-20 1.25893e-20 1.25893e-20 1.25893e-20 1.25893e-20 1.25893e-20 1.25893e-20 1.25893e-20 
13.1729	1	1.25893e-20 1.25893e-20 1.25893e-20 1.25893e-20 1.25893e-20 1.25893e-20 1.25893e-20 1.25893e-20 1.25893e-20 1.25893e-20 1.25893e-20 1.25893e-20 1.25893e-20 1.25893e-20 1.25893e-20 1.25893e-20 1.25893e-20 1.25893e-20 1.25893e-20 1.25893e-20 1.25893e-20 1.25893e-20 1.25893e-20 1.25893e-20 1.25893e-20 
13.2529	1	1.25893e-20 1.25893e-20 1.25893e-20 1.25893e-20 1.25893e-20 1.25893e-20 1.25893e-20 1.25893e-20 1.25893e-20 1.25893e-20 1.25893e-20 1.25893e-20 1.25893e-20 1.25893e-20 1.25893e-20 1.25893e-20 1.25893e-20 1.25893e-20 1.25893e-20 1.25893e-20 1.25893e-20 1.25893e-20 1.25893e-20 1.25893e-20 1.25893e-20 
13.4929	1	1.25893e-20 1.25893e-20 1.25893e-20 1.25893e-20 1.25893e-20 1.25893e-20 1.25893e-20 1.25893e-20 1.25893e-20 1.25893e-20 1.25893e-20 1.25893e-20 1.25893e-20 1.25893e-20 1.25893e-20 1.25893e-20 1.25893e-20 1.25893e-20 1.25893e-20 1.25893e-20 1.25893e-20 1.25893e-20 1.25893e-20 1.25893e-20 1.25893e-20 
13.5729	1	1.25893e-20 1.25893e-20 1.25893e-20 1.25893e-20 1.25893e-20 1.25893e-20 1.25893e-20 1.25893e-20 1.25893e-20 1.25893e-20 1.25893e-20 1.25893e-20 1.25893e-20 1.25893e-20 1.25893e-20 1.25893e-20 1.25893e-20 1.25893e-20 1.25893e-20 1.25893e-20 1.25893e-20 1.25893e-20 1.25893e-20 1.25893e-20 1.25893e-20 
13.6529	1	1.25893e-20 1.25893e-20 1.25893e-20 1.25893e-20 1.25893e-20 1.25893e-20 1.25893e-20 1.25893e-20 1.25893e-20 1.25893e-20 1.25893e-20 1.25893e-20 1.25893e-20 1.25893e-20 1.25893e-20 1.25893e-20 1.25893e-20 1.25893e-20 1.25893e-20 1.25893e-20 1.25893e-20 1.25893e-20 1.25893e-20 1.25893e-20 1.25893e-20 
13.7329	1	1.25893e-20 1.25893e-20 1.25893e-20 1.25893e-20 1.25893e-20 1.25893e-20 1.25893e-20 1.25893e-20 1.25893e-20 1.25893e-20 1.25893e-20 1.25893e-20 1.25893e-20 1.25893e-20 1.25893e-20 1.25893e-20 1.25893e-20 1.25893e-20 1.25893e-20 1.25893e-20 1.25893e-20 1.25893e-20 1.25893e-20 1.25893e-20 1.25893e-20 
13.9729	1	1.25893e-20 1.25893e-20 1.25893e-20 1.25893e-20 1.25893e-20 1.25893e-20 1.25893e-20 1.25893e-20 1.25893e-20 1.25893e-20 1.25893e-20 1.25893e-20 1.25893e-20 1.25893e-20 1.25893e-20 1.25893e-20 1.25893e-20 1.25893e-20 1.25893e-20 1.25893e-20 1.25893e-20 1.25893e-20 1.25893e-20 1.25893e-20 1.25893e-20 
14.0529	1	1.25893e-20 1.25893e-20 1.25893e-20 1.25893e-20 1.25893e-20 1.25893e-20 1.25893e-20 1.25893e-20 1.25893e-20 1.25893e-20 1.25893e-20 1.25893e-20 1.25893e-20 1.25893e-20 1.25893e-20 1.25893e-20 1.25893e-20 1.25893e-20 1.25893e-20 1.25893e-20 1.25893e-20 1.25893e-20 1.25893e-20 1.25893e-20 1.25893e-20 
14.1329	1	1.25893e-20 1.25893e-20 1.25893e-20 1.25893e-20 1.25893e-20 1.25893e-20 1.25893e-20 1.25893e-20 1.25893e-20 1.25893e-20 1.25893e-20 1.25893e-20 1.25893e-20 1.25893e-20 1.25893e-20 1.25893e-20 1.25893e-20 1.25893e-20 1.25893e-20 1.25893e-20 1.25893e-20 1.25893e-20 1.25893e-20 1.25893e-20 1.25893e-20 
14.2329	1	1.25893e-20 1.25893e-20 1.25893e-20 1.25893e-20 1.25893e-20 1.25893e-20 1.25893e-20 1.25893e-20 1.25893e-20 1.25893e-20 1.25893e-20 1.25893e-20 1.25893e-20 1.25893e-20 1.25893e-20 1.25893e-20 1.25893e-20 1.25893e-20 1.25893e-20 1.25893e-20 1.25893e-20 1.25893e-20 1.25893e-20 1.25893e-20 1.25893e-20 
14.4529	1	1.25893e-20 1.25893e-20 1.25893e-20 1.25893e-20 1.25893e-20 1.25893e-20 1.25893e-20 1.25893e-20 1.25893e-20 1.25893e-20 1.25893e-20 1.25893e-20 1.25893e-20 1.25893e-20 1.25893e-20 1.25893e-20 1.25893e-20 1.25893e-20 1.25893e-20 1.25893e-20 1.25893e-20 1.25893e-20 1.25893e-20 1.25893e-20 1.25893e-20 
14.5329	1	1.25893e-20 1.25893e-20 1.25893e-20 1.25893e-20 1.25893e-20 1.25893e-20 1.25893e-20 1.25893e-20 1.25893e-20 1.25893e-20 1.25893e-20 1.25893e-20 1.25893e-20 1.25893e-20 1.25893e-20 1.25893e-20 1.25893e-20 1.25893e-20 1.25893e-20 1.25893e-20 1.25893e-20 1.25893e-20 1.25893e-20 1.25893e-20 1.25893e-20 
14.6129	1	1.25893e-20 1.25893e-20 1.25893e-20 1.25893e-20 1.25893e-20 1.25893e-20 1.25893e-20 1.25893e-20 1.25893e-20 1.25893e-20 1.25893e-20 1.25893e-20 1.25893e-20 1.25893e-20 1.25893e-20 1.25893e-20 1.25893e-20 1.25893e-20 1.25893e-20 1.25893e-20 1.25893e-20 1.25893e-20 1.25893e-20 1.25893e-20 1.25893e-20 
14.6929	1	1.25893e-20 1.25893e-20 1.25893e-20 1.25893e-20 1.25893e-20 1.25893e-20 1.25893e-20 1.25893e-20 1.25893e-20 1.25893e-20 1.25893e-20 1.25893e-20 1.25893e-20 1.25893e-20 1.25893e-20 1.25893e-20 1.25893e-20 1.25893e-20 1.25893e-20 1.25893e-20 1.25893e-20 1.25893e-20 1.25893e-20 1.25893e-20 1.25893e-20 
14.9329	1	1.25893e-20 1.25893e-20 1.25893e-20 1.25893e-20 1.25893e-20 1.25893e-20 1.25893e-20 1.25893e-20 1.25893e-20 1.25893e-20 1.25893e-20 1.25893e-20 1.25893e-20 1.25893e-20 1.25893e-20 1.25893e-20 1.25893e-20 1.25893e-20 1.25893e-20 1.25893e-20 1.25893e-20 1.25893e-20 1.25893e-20 1.25893e-20 1.25893e-20 
15.0129	1	1.25893e-20 1.25893e-20 1.25893e-20 1.25893e-20 1.25893e-20 1.25893e-20 1.25893e-20 1.25893e-20 1.25893e-20 1.25893e-20 1.25893e-20 1.25893e-20 1.25893e-20 1.25893e-20 1.25893e-20 1.25893e-20 1.25893e-20 1.25893e-20 1.25893e-20 1.25893e-20 1.25893e-20 1.25893e-20 1.25893e-20 1.25893e-20 1.25893e-20 
15.0929	1	1.25893e-20 1.25893e-20 1.25893e-20 1.25893e-20 1.25893e-20 1.25893e-20 1.25893e-20 1.25893e-20 1.25893e-20 1.25893e-20 1.25893e-20 1.25893e-20 1.25893e-20 1.25893e-20 1.25893e-20 1.25893e-20 1.25893e-20 1.25893e-20 1.25893e-20 1.25893e-20 1.25893e-20 1.25893e-20 1.25893e-20 1.25893e-20 1.25893e-20 
15.1729	1	1.25893e-20 1.25893e-20 1.25893e-20 1.25893e-20 1.25893e-20 1.25893e-20 1.25893e-20 1.25893e-20 1.25893e-20 1.25893e-20 1.25893e-20 1.25893e-20 1.25893e-20 1.25893e-20 1.25893e-20 1.25893e-20 1.25893e-20 1.25893e-20 1.25893e-20 1.25893e-20 1.25893e-20 1.25893e-20 1.25893e-20 1.25893e-20 1.25893e-20 
15.4129	1	1.25893e-20 1.25893e-20 1.25893e-20 1.25893e-20 1.25893e-20 1.25893e-20 1.25893e-20 1.25893e-20 1.25893e-20 1.25893e-20 1.25893e-20 1.25893e-20 1.25893e-20 1.25893e-20 1.25893e-20 1.25893e-20 1.25893e-20 1.25893e-20 1.25893e-20 1.25893e-20 1.25893e-20 1.25893e-20 1.25893e-20 1.25893e-20 1.25893e-20 
15.4929	1	1.25893e-20 1.25893e-20 1.25893e-20 1.25893e-20 1.25893e-20 1.25893e-20 1.25893e-20 1.25893e-20 1.25893e-20 1.25893e-20 1.25893e-20 1.25893e-20 1.25893e-20 1.25893e-20 1.25893e-20 1.25893e-20 1.25893e-20 1.25893e-20 1.25893e-20 1.25893e-20 1.25893e-20 1.25893e-20 1.25893e-20 1.25893e-20 1.25893e-20 
15.5729	1	1.25893e-20 1.25893e-20 1.25893e-20 1.25893e-20 1.25893e-20 1.25893e-20 1.25893e-20 1.25893e-20 1.25893e-20 1.25893e-20 1.25893e-20 1.25893e-20 1.25893e-20 1.25893e-20 1.25893e-20 1.25893e-20 1.25893e-20 1.25893e-20 1.25893e-20 1.25893e-20 1.25893e-20 1.25893e-20 1.25893e-20 1.25893e-20 1.25893e-20 
15.6529	1	1.25893e-20 1.25893e-20 1.25893e-20 1.25893e-20 1.25893e-20 1.25893e-20 1.25893e-20 1.25893e-20 1.25893e-20 1.25893e-20 1.25893e-20 1.25893e-20 1.25893e-20 1.25893e-20 1.25893e-20 1.25893e-20 1.25893e-20 1.25893e-20 1.25893e-20 1.25893e-20 1.25893e-20 1.25893e-20 1.25893e-20 1.25893e-20 1.25893e-20 
15.8689	1	1.25893e-20 1.25893e-20 1.25893e-20 1.25893e-20 1.25893e-20 1.25893e-20 1.25893e-20 1.25893e-20 1.25893e-20 1.25893e-20 1.25893e-20 1.25893e-20 1.25893e-20 1.25893e-20 1.25893e-20 1.25893e-20 1.25893e-20 1.25893e-20 1.25893e-20 1.25893e-20 1.25893e-20 1.25893e-20 1.25893e-20 1.25893e-20 1.25893e-20 
15.8929	1	1.25893e-20 1.25893e-20 1.25893e-20 1.25893e-20 1.25893e-20 1.25893e-20 1.25893e-20 1.25893e-20 1.25893e-20 1.25893e-20 1.25893e-20 1.25893e-20 1.25893e-20 1.25893e-20 1.25893e-20 1.25893e-20 1.25893e-20 1.25893e-20 1.25893e-20 1.25893e-20 1.25893e-20 1.25893e-20 1.25893e-20 1.25893e-20 1.25893e-20 
15.9729	1	1.25893e-20 1.25893e-20 1.25893e-20 1.25893e-20 1.25893e-20 1.25893e-20 1.25893e-20 1.25893e-20 1.25893e-20 1.25893e-20 1.25893e-20 1.25893e-20 1.25893e-20 1.25893e-20 1.25893e-20 1.25893e-20 1.25893e-20 1.25893e-20 1.25893e-20 1.25893e-20 1.25893e-20 1.25893e-20 1.25893e-20 1.25893e-20 1.25893e-20 
16.0529	1	1.25893e-20 1.25893e-20 1.25893e-20 1.25893e-20 1.25893e-20 1.25893e-20 1.25893e-20 1.25893e-20 1.25893e-20 1.25893e-20 1.25893e-20 1.25893e-20 1.25893e-20 1.25893e-20 1.25893e-20 1.25893e-20 1.25893e-20 1.25893e-20 1.25893e-20 1.25893e-20 1.25893e-20 1.25893e-20 1.25893e-20 1.25893e-20 1.25893e-20 
16.1329	1	1.25893e-20 1.25893e-20 1.25893e-20 1.25893e-20 1.25893e-20 1.25893e-20 1.25893e-20 1.25893e-20 1.25893e-20 1.25893e-20 1.25893e-20 1.25893e-20 1.25893e-20 1.25893e-20 1.25893e-20 1.25893e-20 1.25893e-20 1.25893e-20 1.25893e-20 1.25893e-20 1.25893e-20 1.25893e-20 1.25893e-20 1.25893e-20 1.25893e-20 
16.3729	1	1.25893e-20 1.25893e-20 1.25893e-20 1.25893e-20 1.25893e-20 1.25893e-20 1.25893e-20 1.25893e-20 1.25893e-20 1.25893e-20 1.25893e-20 1.25893e-20 1.25893e-20 1.25893e-20 1.25893e-20 1.25893e-20 1.25893e-20 1.25893e-20 1.25893e-20 1.25893e-20 1.25893e-20 1.25893e-20 1.25893e-20 1.25893e-20 1.25893e-20 
16.4529	1	1.25893e-20 1.25893e-20 1.25893e-20 1.25893e-20 1.25893e-20 1.25893e-20 1.25893e-20 1.25893e-20 1.25893e-20 1.25893e-20 1.25893e-20 1.25893e-20 1.25893e-20 1.25893e-20 1.25893e-20 1.25893e-20 1.25893e-20 1.25893e-20 1.25893e-20 1.25893e-20 1.25893e-20 1.25893e-20 1.25893e-20 1.25893e-20 1.25893e-20 
16.5329	1	1.25893e-20 1.25893e-20 1.25893e-20 1.25893e-20 1.25893e-20 1.25893e-20 1.25893e-20 1.25893e-20 1.25893e-20 1.25893e-20 1.25893e-20 1.25893e-20 1.25893e-20 1.25893e-20 1.25893e-20 1.25893e-20 1.25893e-20 1.25893e-20 1.25893e-20 1.25893e-20 1.25893e-20 1.25893e-20 1.25893e-20 1.25893e-20 1.25893e-20 
16.6129	1	1.25893e-20 1.25893e-20 1.25893e-20 1.25893e-20 1.25893e-20 1.25893e-20 1.25893e-20 1.25893e-20 1.25893e-20 1.25893e-20 1.25893e-20 1.25893e-20 1.25893e-20 1.25893e-20 1.25893e-20 1.25893e-20 1.25893e-20 1.25893e-20 1.25893e-20 1.25893e-20 1.25893e-20 1.25893e-20 1.25893e-20 1.25893e-20 1.25893e-20 
16.8479	1	1.25893e-20 1.25893e-20 1.25893e-20 1.25893e-20 1.25893e-20 1.25893e-20 1.25893e-20 1.25893e-20 1.25893e-20 1.25893e-20 1.25893e-20 1.25893e-20 1.25893e-20 1.25893e-20 1.25893e-20 1.25893e-20 1.25893e-20 1.25893e-20 1.25893e-20 1.25893e-20 1.25893e-20 1.25893e-20 1.25893e-20 1.25893e-20 1.25893e-20 
16.8529	1	1.25893e-20 1.25893e-20 1.25893e-20 1.25893e-20 1.25893e-20 1.25893e-20 1.25893e-20 1.25893e-20 1.25893e-20 1.25893e-20 1.25893e-20 1.25893e-20 1.25893e-20 1.25893e-20 1.25893e-20 1.25893e-20 1.25893e-20 1.25893e-20 1.25893e-20 1.25893e-20 1.25893e-20 1.25893e-20 1.25893e-20 1.25893e-20 1.25893e-20 
16.9329	1	1.25893e-20 1.25893e-20 1.25893e-20 1.25893e-20 1.25893e-20 1.25893e-20 1.25893e-20 1.25893e-20 1.25893e-20 1.25893e-20 1.25893e-20 1.25893e-20 1.25893e-20 1.25893e-20 1.25893e-20 1.25893e-20 1.25893e-20 1.25893e-20 1.25893e-20 1.25893e-20 1.25893e-20 1.25893e-20 1.25893e-20 1.25893e-20 1.25893e-20 
17.0129	1	1.25893e-20 1.25893e-20 1.25893e-20 1.25893e-20 1.25893e-20 1.25893e-20 1.25893e-20 1.25893e-20 1.25893e-20 1.25893e-20 1.25893e-20 1.25893e-20 1.25893e-20 1.25893e-20 1.25893e-20 1.25893e-20 1.25893e-20 1.25893e-20 1.25893e-20 1.25893e-20 1.25893e-20 1.25893e-20 1.25893e-20 1.25893e-20 1.25893e-20 
17.0929	1	1.25893e-20 1.25893e-20 1.25893e-20 1.25893e-20 1.25893e-20 1.25893e-20 1.25893e-20 1.25893e-20 1.25893e-20 1.25893e-20 1.25893e-20 1.25893e-20 1.25893e-20 1.25893e-20 1.25893e-20 1.25893e-20 1.25893e-20 1.25893e-20 1.25893e-20 1.25893e-20 1.25893e-20 1.25893e-20 1.25893e-20 1.25893e-20 1.25893e-20 
17.3329	1	1.25893e-20 1.25893e-20 1.25893e-20 1.25893e-20 1.25893e-20 1.25893e-20 1.25893e-20 1.25893e-20 1.25893e-20 1.25893e-20 1.25893e-20 1.25893e-20 1.25893e-20 1.25893e-20 1.25893e-20 1.25893e-20 1.25893e-20 1.25893e-20 1.25893e-20 1.25893e-20 1.25893e-20 1.25893e-20 1.25893e-20 1.25893e-20 1.25893e-20 
17.4129	1	1.25893e-20 1.25893e-20 1.25893e-20 1.25893e-20 1.25893e-20 1.25893e-20 1.25893e-20 1.25893e-20 1.25893e-20 1.25893e-20 1.25893e-20 1.25893e-20 1.25893e-20 1.25893e-20 1.25893e-20 1.25893e-20 1.25893e-20 1.25893e-20 1.25893e-20 1.25893e-20 1.25893e-20 1.25893e-20 1.25893e-20 1.25893e-20 1.25893e-20 
17.4929	1	1.25893e-20 1.25893e-20 1.25893e-20 1.25893e-20 1.25893e-20 1.25893e-20 1.25893e-20 1.25893e-20 1.25893e-20 1.25893e-20 1.25893e-20 1.25893e-20 1.25893e-20 1.25893e-20 1.25893e-20 1.25893e-20 1.25893e-20 1.25893e-20 1.25893e-20 1.25893e-20 1.25893e-20 1.25893e-20 1.25893e-20 1.25893e-20 1.25893e-20 
17.5729	1	1.25893e-20 1.25893e-20 1.25893e-20 1.25893e-20 1.25893e-20 1.25893e-20 1.25893e-20 1.25893e-20 1.25893e-20 1.25893e-20 1.25893e-20 1.25893e-20 1.25893e-20 1.25893e-20 1.25893e-20 1.25893e-20 1.25893e-20 1.25893e-20 1.25893e-20 1.25893e-20 1.25893e-20 1.25893e-20 1.25893e-20 1.25893e-20 1.25893e-20 
17.8129	1	1.25893e-20 1.25893e-20 1.25893e-20 1.25893e-20 1.25893e-20 1.25893e-20 1.25893e-20 1.25893e-20 1.25893e-20 1.25893e-20 1.25893e-20 1.25893e-20 1.25893e-20 1.25893e-20 1.25893e-20 1.25893e-20 1.25893e-20 1.25893e-20 1.25893e-20 1.25893e-20 1.25893e-20 1.25893e-20 1.25893e-20 1.25893e-20 1.25893e-20 
17.8199	1	1.25893e-20 1.25893e-20 1.25893e-20 1.25893e-20 1.25893e-20 1.25893e-20 1.25893e-20 1.25893e-20 1.25893e-20 1.25893e-20 1.25893e-20 1.25893e-20 1.25893e-20 1.25893e-20 1.25893e-20 1.25893e-20 1.25893e-20 1.25893e-20 1.25893e-20 1.25893e-20 1.25893e-20 1.25893e-20 1.25893e-20 1.25893e-20 1.25893e-20 
17.8929	1	1.25893e-20 1.25893e-20 1.25893e-20 1.25893e-20 1.25893e-20 1.25893e-20 1.25893e-20 1.25893e-20 1.25893e-20 1.25893e-20 1.25893e-20 1.25893e-20 1.25893e-20 1.25893e-20 1.25893e-20 1.25893e-20 1.25893e-20 1.25893e-20 1.25893e-20 1.25893e-20 1.25893e-20 1.25893e-20 1.25893e-20 1.25893e-20 1.25893e-20 
17.9729	1	1.25893e-20 1.25893e-20 1.25893e-20 1.25893e-20 1.25893e-20 1.25893e-20 1.25893e-20 1.25893e-20 1.25893e-20 1.25893e-20 1.25893e-20 1.25893e-20 1.25893e-20 1.25893e-20 1.25893e-20 1.25893e-20 1.25893e-20 1.25893e-20 1.25893e-20 1.25893e-20 1.25893e-20 1.25893e-20 1.25893e-20 1.25893e-20 1.25893e-20 
18.0529	1	1.25893e-20 1.25893e-20 1.25893e-20 1.25893e-20 1.25893e-20 1.25893e-20 1.25893e-20 1.25893e-20 1.25893e-20 1.25893e-20 1.25893e-20 1.25893e-20 1.25893e-20 1.25893e-20 1.25893e-20 1.25893e-20 1.25893e-20 1.25893e-20 1.25893e-20 1.25893e-20 1.25893e-20 1.25893e-20 1.25893e-20 1.25893e-20 1.25893e-20 
18.2929	1	1.25893e-20 1.25893e-20 1.25893e-20 1.25893e-20 1.25893e-20 1.25893e-20 1.25893e-20 1.25893e-20 1.25893e-20 1.25893e-20 1.25893e-20 1.25893e-20 1.25893e-20 1.25893e-20 1.25893e-20 1.25893e-20 1.25893e-20 1.25893e-20 1.25893e-20 1.25893e-20 1.25893e-20 1.25893e-20 1.25893e-20 1.25893e-20 1.25893e-20 
18.3729	1	1.25893e-20 1.25893e-20 1.25893e-20 1.25893e-20 1.25893e-20 1.25893e-20 1.25893e-20 1.25893e-20 1.25893e-20 1.25893e-20 1.25893e-20 1.25893e-20 1.25893e-20 1.25893e-20 1.25893e-20 1.25893e-20 1.25893e-20 1.25893e-20 1.25893e-20 1.25893e-20 1.25893e-20 1.25893e-20 1.25893e-20 1.25893e-20 1.25893e-20 
18.4529	1	1.25893e-20 1.25893e-20 1.25893e-20 1.25893e-20 1.25893e-20 1.25893e-20 1.25893e-20 1.25893e-20 1.25893e-20 1.25893e-20 1.25893e-20 1.25893e-20 1.25893e-20 1.25893e-20 1.25893e-20 1.25893e-20 1.25893e-20 1.25893e-20 1.25893e-20 1.25893e-20 1.25893e-20 1.25893e-20 1.25893e-20 1.25893e-20 1.25893e-20 
18.5329	1	1.25893e-20 1.25893e-20 1.25893e-20 1.25893e-20 1.25893e-20 1.25893e-20 1.25893e-20 1.25893e-20 1.25893e-20 1.25893e-20 1.25893e-20 1.25893e-20 1.25893e-20 1.25893e-20 1.25893e-20 1.25893e-20 1.25893e-20 1.25893e-20 1.25893e-20 1.25893e-20 1.25893e-20 1.25893e-20 1.25893e-20 1.25893e-20 1.25893e-20 
18.5679	1	1.25893e-20 1.25893e-20 1.25893e-20 1.25893e-20 1.25893e-20 1.25893e-20 1.25893e-20 1.25893e-20 1.25893e-20 1.25893e-20 1.25893e-20 1.25893e-20 1.25893e-20 1.25893e-20 1.25893e-20 1.25893e-20 1.25893e-20 1.25893e-20 1.25893e-20 1.25893e-20 1.25893e-20 1.25893e-20 1.25893e-20 1.25893e-20 1.25893e-20 
18.7729	1	1.25893e-20 1.25893e-20 1.25893e-20 1.25893e-20 1.25893e-20 1.25893e-20 1.25893e-20 1.25893e-20 1.25893e-20 1.25893e-20 1.25893e-20 1.25893e-20 1.25893e-20 1.25893e-20 1.25893e-20 1.25893e-20 1.25893e-20 1.25893e-20 1.25893e-20 1.25893e-20 1.25893e-20 1.25893e-20 1.25893e-20 1.25893e-20 1.25893e-20 
18.8529	1	1.25893e-20 1.25893e-20 1.25893e-20 1.25893e-20 1.25893e-20 1.25893e-20 1.25893e-20 1.25893e-20 1.25893e-20 1.25893e-20 1.25893e-20 1.25893e-20 1.25893e-20 1.25893e-20 1.25893e-20 1.25893e-20 1.25893e-20 1.25893e-20 1.25893e-20 1.25893e-20 1.25893e-20 1.25893e-20 1.25893e-20 1.25893e-20 1.25893e-20 
18.9329	1	1.25893e-20 1.25893e-20 1.25893e-20 1.25893e-20 1.25893e-20 1.25893e-20 1.25893e-20 1.25893e-20 1.25893e-20 1.25893e-20 1.25893e-20 1.25893e-20 1.25893e-20 1.25893e-20 1.25893e-20 1.25893e-20 1.25893e-20 1.25893e-20 1.25893e-20 1.25893e-20 1.25893e-20 1.25893e-20 1.25893e-20 1.25893e-20 1.25893e-20 
19.0129	1	1.25893e-20 1.25893e-20 1.25893e-20 1.25893e-20 1.25893e-20 1.25893e-20 1.25893e-20 1.25893e-20 1.25893e-20 1.25893e-20 1.25893e-20 1.25893e-20 1.25893e-20 1.25893e-20 1.25893e-20 1.25893e-20 1.25893e-20 1.25893e-20 1.25893e-20 1.25893e-20 1.25893e-20 1.25893e-20 1.25893e-20 1.25893e-20 1.25893e-20 
19.0479	1	1.25893e-20 1.25893e-20 1.25893e-20 1.25893e-20 1.25893e-20 1.25893e-20 1.25893e-20 1.25893e-20 1.25893e-20 1.25893e-20 1.25893e-20 1.25893e-20 1.25893e-20 1.25893e-20 1.25893e-20 1.25893e-20 1.25893e-20 1.25893e-20 1.25893e-20 1.25893e-20 1.25893e-20 1.25893e-20 1.25893e-20 1.25893e-20 1.25893e-20 
19.2529	1	1.25893e-20 1.25893e-20 1.25893e-20 1.25893e-20 1.25893e-20 1.25893e-20 1.25893e-20 1.25893e-20 1.25893e-20 1.25893e-20 1.25893e-20 1.25893e-20 1.25893e-20 1.25893e-20 1.25893e-20 1.25893e-20 1.25893e-20 1.25893e-20 1.25893e-20 1.25893e-20 1.25893e-20 1.25893e-20 1.25893e-20 1.25893e-20 1.25893e-20 
19.3329	1	1.25893e-20 1.25893e-20 1.25893e-20 1.25893e-20 1.25893e-20 1.25893e-20 1.25893e-20 1.25893e-20 1.25893e-20 1.25893e-20 1.25893e-20 1.25893e-20 1.25893e-20 1.25893e-20 1.25893e-20 1.25893e-20 1.25893e-20 1.25893e-20 1.25893e-20 1.25893e-20 1.25893e-20 1.25893e-20 1.25893e-20 1.25893e-20 1.25893e-20 
19.4129	1	1.25893e-20 1.25893e-20 1.25893e-20 1.25893e-20 1.25893e-20 1.25893e-20 1.25893e-20 1.25893e-20 1.25893e-20 1.25893e-20 1.25893e-20 1.25893e-20 1.25893e-20 1.25893e-20 1.25893e-20 1.25893e-20 1.25893e-20 1.25893e-20 1.25893e-20 1.25893e-20 1.25893e-20 1.25893e-20 1.25893e-20 1.25893e-20 1.25893e-20 
19.4929	1	1.25893e-20 1.25893e-20 1.25893e-20 1.25893e-20 1.25893e-20 1.25893e-20 1.25893e-20 1.25893e-20 1.25893e-20 1.25893e-20 1.25893e-20 1.25893e-20 1.25893e-20 1.25893e-20 1.25893e-20 1.25893e-20 1.25893e-20 1.25893e-20 1.25893e-20 1.25893e-20 1.25893e-20 1.25893e-20 1.25893e-20 1.25893e-20 1.25893e-20 
19.7329	1	1.25893e-20 1.25893e-20 1.25893e-20 1.25893e-20 1.25893e-20 1.25893e-20 1.25893e-20 1.25893e-20 1.25893e-20 1.25893e-20 1.25893e-20 1.25893e-20 1.25893e-20 1.25893e-20 1.25893e-20 1.25893e-20 1.25893e-20 1.25893e-20 1.25893e-20 1.25893e-20 1.25893e-20 1.25893e-20 1.25893e-20 1.25893e-20 1.25893e-20 
19.7529	1	1.25893e-20 1.25893e-20 1.25893e-20 1.25893e-20 1.25893e-20 1.25893e-20 1.25893e-20 1.25893e-20 1.25893e-20 1.25893e-20 1.25893e-20 1.25893e-20 1.25893e-20 1.25893e-20 1.25893e-20 1.25893e-20 1.25893e-20 1.25893e-20 1.25893e-20 1.25893e-20 1.25893e-20 1.25893e-20 1.25893e-20 1.25893e-20 1.25893e-20 
19.8129	1	1.25893e-20 1.25893e-20 1.25893e-20 1.25893e-20 1.25893e-20 1.25893e-20 1.25893e-20 1.25893e-20 1.25893e-20 1.25893e-20 1.25893e-20 1.25893e-20 1.25893e-20 1.25893e-20 1.25893e-20 1.25893e-20 1.25893e-20 1.25893e-20 1.25893e-20 1.25893e-20 1.25893e-20 1.25893e-20 1.25893e-20 1.25893e-20 1.25893e-20 
19.8929	1	1.25893e-20 1.25893e-20 1.25893e-20 1.25893e-20 1.25893e-20 1.25893e-20 1.25893e-20 1.25893e-20 1.25893e-20 1.25893e-20 1.25893e-20 1.25893e-20 1.25893e-20 1.25893e-20 1.25893e-20 1.25893e-20 1.25893e-20 1.25893e-20 1.25893e-20 1.25893e-20 1.25893e-20 1.25893e-20 1.25893e-20 1.25893e-20 1.25893e-20 
19.9729	1	1.25893e-20 1.25893e-20 1.25893e-20 1.25893e-20 1.25893e-20 1.25893e-20 1.25893e-20 1.25893e-20 1.25893e-20 1.25893e-20 1.25893e-20 1.25893e-20 1.25893e-20 1.25893e-20 1.25893e-20 1.25893e-20 1.25893e-20 1.25893e-20 1.25893e-20 1.25893e-20 1.25893e-20 1.25893e-20 1.25893e-20 1.25893e-20 1.25893e-20 
20.2129	1	1.25893e-20 1.25893e-20 1.25893e-20 1.25893e-20 1.25893e-20 1.25893e-20 1.25893e-20 1.25893e-20 1.25893e-20 1.25893e-20 1.25893e-20 1.25893e-20 1.25893e-20 1.25893e-20 1.25893e-20 1.25893e-20 1.25893e-20 1.25893e-20 1.25893e-20 1.25893e-20 1.25893e-20 1.25893e-20 1.25893e-20 1.25893e-20 1.25893e-20 
20.2929	1	1.25893e-20 1.25893e-20 1.25893e-20 1.25893e-20 1.25893e-20 1.25893e-20 1.25893e-20 1.25893e-20 1.25893e-20 1.25893e-20 1.25893e-20 1.25893e-20 1.25893e-20 1.25893e-20 1.25893e-20 1.25893e-20 1.25893e-20 1.25893e-20 1.25893e-20 1.25893e-20 1.25893e-20 1.25893e-20 1.25893e-20 1.25893e-20 1.25893e-20 
20.3729	1	1.25893e-20 1.25893e-20 1.25893e-20 1.25893e-20 1.25893e-20 1.25893e-20 1.25893e-20 1.25893e-20 1.25893e-20 1.25893e-20 1.25893e-20 1.25893e-20 1.25893e-20 1.25893e-20 1.25893e-20 1.25893e-20 1.25893e-20 1.25893e-20 1.25893e-20 1.25893e-20 1.25893e-20 1.25893e-20 1.25893e-20 1.25893e-20 1.25893e-20 
20.4529	1	1.25893e-20 1.25893e-20 1.25893e-20 1.25893e-20 1.25893e-20 1.25893e-20 1.25893e-20 1.25893e-20 1.25893e-20 1.25893e-20 1.25893e-20 1.25893e-20 1.25893e-20 1.25893e-20 1.25893e-20 1.25893e-20 1.25893e-20 1.25893e-20 1.25893e-20 1.25893e-20 1.25893e-20 1.25893e-20 1.25893e-20 1.25893e-20 1.25893e-20 
20.5279	1	1.25893e-20 1.25893e-20 1.25893e-20 1.25893e-20 1.25893e-20 1.25893e-20 1.25893e-20 1.25893e-20 1.25893e-20 1.25893e-20 1.25893e-20 1.25893e-20 1.25893e-20 1.25893e-20 1.25893e-20 1.25893e-20 1.25893e-20 1.25893e-20 1.25893e-20 1.25893e-20 1.25893e-20 1.25893e-20 1.25893e-20 1.25893e-20 1.25893e-20 
20.6929	1	1.25893e-20 1.25893e-20 1.25893e-20 1.25893e-20 1.25893e-20 1.25893e-20 1.25893e-20 1.25893e-20 1.25893e-20 1.25893e-20 1.25893e-20 1.25893e-20 1.25893e-20 1.25893e-20 1.25893e-20 1.25893e-20 1.25893e-20 1.25893e-20 1.25893e-20 1.25893e-20 1.25893e-20 1.25893e-20 1.25893e-20 1.25893e-20 1.25893e-20 
20.7729	1	1.25893e-20 1.25893e-20 1.25893e-20 1.25893e-20 1.25893e-20 1.25893e-20 1.25893e-20 1.25893e-20 1.25893e-20 1.25893e-20 1.25893e-20 1.25893e-20 1.25893e-20 1.25893e-20 1.25893e-20 1.25893e-20 1.25893e-20 1.25893e-20 1.25893e-20 1.25893e-20 1.25893e-20 1.25893e-20 1.25893e-20 1.25893e-20 1.25893e-20 
20.8529	1	1.25893e-20 1.25893e-20 1.25893e-20 1.25893e-20 1.25893e-20 1.25893e-20 1.25893e-20 1.25893e-20 1.25893e-20 1.25893e-20 1.25893e-20 1.25893e-20 1.25893e-20 1.25893e-20 1.25893e-20 1.25893e-20 1.25893e-20 1.25893e-20 1.25893e-20 1.25893e-20 1.25893e-20 1.25893e-20 1.25893e-20 1.25893e-20 1.25893e-20 
20.9329	1	1.25893e-20 1.25893e-20 1.25893e-20 1.25893e-20 1.25893e-20 1.25893e-20 1.25893e-20 1.25893e-20 1.25893e-20 1.25893e-20 1.25893e-20 1.25893e-20 1.25893e-20 1.25893e-20 1.25893e-20 1.25893e-20 1.25893e-20 1.25893e-20 1.25893e-20 1.25893e-20 1.25893e-20 1.25893e-20 1.25893e-20 1.25893e-20 1.25893e-20 
21.1729	1	1.25893e-20 1.25893e-20 1.25893e-20 1.25893e-20 1.25893e-20 1.25893e-20 1.25893e-20 1.25893e-20 1.25893e-20 1.25893e-20 1.25893e-20 1.25893e-20 1.25893e-20 1.25893e-20 1.25893e-20 1.25893e-20 1.25893e-20 1.25893e-20 1.25893e-20 1.25893e-20 1.25893e-20 1.25893e-20 1.25893e-20 1.25893e-20 1.25893e-20 
21.2529	1	1.25893e-20 1.25893e-20 1.25893e-20 1.25893e-20 1.25893e-20 1.25893e-20 1.25893e-20 1.25893e-20 1.25893e-20 1.25893e-20 1.25893e-20 1.25893e-20 1.25893e-20 1.25893e-20 1.25893e-20 1.25893e-20 1.25893e-20 1.25893e-20 1.25893e-20 1.25893e-20 1.25893e-20 1.25893e-20 1.25893e-20 1.25893e-20 1.25893e-20 
21.3329	1	1.25893e-20 1.25893e-20 1.25893e-20 1.25893e-20 1.25893e-20 1.25893e-20 1.25893e-20 1.25893e-20 1.25893e-20 1.25893e-20 1.25893e-20 1.25893e-20 1.25893e-20 1.25893e-20 1.25893e-20 1.25893e-20 1.25893e-20 1.25893e-20 1.25893e-20 1.25893e-20 1.25893e-20 1.25893e-20 1.25893e-20 1.25893e-20 1.25893e-20 
21.4129	1	1.25893e-20 1.25893e-20 1.25893e-20 1.25893e-20 1.25893e-20 1.25893e-20 1.25893e-20 1.25893e-20 1.25893e-20 1.25893e-20 1.25893e-20 1.25893e-20 1.25893e-20 1.25893e-20 1.25893e-20 1.25893e-20 1.25893e-20 1.25893e-20 1.25893e-20 1.25893e-20 1.25893e-20 1.25893e-20 1.25893e-20 1.25893e-20 1.25893e-20 
21.6529	1	1.25893e-20 1.25893e-20 1.25893e-20 1.25893e-20 1.25893e-20 1.25893e-20 1.25893e-20 1.25893e-20 1.25893e-20 1.25893e-20 1.25893e-20 1.25893e-20 1.25893e-20 1.25893e-20 1.25893e-20 1.25893e-20 1.25893e-20 1.25893e-20 1.25893e-20 1.25893e-20 1.25893e-20 1.25893e-20 1.25893e-20 1.25893e-20 1.25893e-20 
21.7329	1	1.25893e-20 1.25893e-20 1.25893e-20 1.25893e-20 1.25893e-20 1.25893e-20 1.25893e-20 1.25893e-20 1.25893e-20 1.25893e-20 1.25893e-20 1.25893e-20 1.25893e-20 1.25893e-20 1.25893e-20 1.25893e-20 1.25893e-20 1.25893e-20 1.25893e-20 1.25893e-20 1.25893e-20 1.25893e-20 1.25893e-20 1.25893e-20 1.25893e-20 
21.8129	1	1.25893e-20 1.25893e-20 1.25893e-20 1.25893e-20 1.25893e-20 1.25893e-20 1.25893e-20 1.25893e-20 1.25893e-20 1.25893e-20 1.25893e-20 1.25893e-20 1.25893e-20 1.25893e-20 1.25893e-20 1.25893e-20 1.25893e-20 1.25893e-20 1.25893e-20 1.25893e-20 1.25893e-20 1.25893e-20 1.25893e-20 1.25893e-20 1.25893e-20 
21.8929	1	1.25893e-20 1.25893e-20 1.25893e-20 1.25893e-20 1.25893e-20 1.25893e-20 1.25893e-20 1.25893e-20 1.25893e-20 1.25893e-20 1.25893e-20 1.25893e-20 1.25893e-20 1.25893e-20 1.25893e-20 1.25893e-20 1.25893e-20 1.25893e-20 1.25893e-20 1.25893e-20 1.25893e-20 1.25893e-20 1.25893e-20 1.25893e-20 1.25893e-20 
21.9679	1	1.25893e-20 1.25893e-20 1.25893e-20 1.25893e-20 1.25893e-20 1.25893e-20 1.25893e-20 1.25893e-20 1.25893e-20 1.25893e-20 1.25893e-20 1.25893e-20 1.25893e-20 1.25893e-20 1.25893e-20 1.25893e-20 1.25893e-20 1.25893e-20 1.25893e-20 1.25893e-20 1.25893e-20 1.25893e-20 1.25893e-20 1.25893e-20 1.25893e-20 
22.1329	1	1.25893e-20 1.25893e-20 1.25893e-20 1.25893e-20 1.25893e-20 1.25893e-20 1.25893e-20 1.25893e-20 1.25893e-20 1.25893e-20 1.25893e-20 1.25893e-20 1.25893e-20 1.25893e-20 1.25893e-20 1.25893e-20 1.25893e-20 1.25893e-20 1.25893e-20 1.25893e-20 1.25893e-20 1.25893e-20 1.25893e-20 1.25893e-20 1.25893e-20 
22.1399	1	1.25893e-20 1.25893e-20 1.25893e-20 1.25893e-20 1.25893e-20 1.25893e-20 1.25893e-20 1.25893e-20 1.25893e-20 1.25893e-20 1.25893e-20 1.25893e-20 1.25893e-20 1.25893e-20 1.25893e-20 1.25893e-20 1.25893e-20 1.25893e-20 1.25893e-20 1.25893e-20 1.25893e-20 1.25893e-20 1.25893e-20 1.25893e-20 1.25893e-20 
22.2129	1	1.25893e-20 1.25893e-20 1.25893e-20 1.25893e-20 1.25893e-20 1.25893e-20 1.25893e-20 1.25893e-20 1.25893e-20 1.25893e-20 1.25893e-20 1.25893e-20 1.25893e-20 1.25893e-20 1.25893e-20 1.25893e-20 1.25893e-20 1.25893e-20 1.25893e-20 1.25893e-20 1.25893e-20 1.25893e-20 1.25893e-20 1.25893e-20 1.25893e-20 
22.2929	1	1.25893e-20 1.25893e-20 1.25893e-20 1.25893e-20 1.25893e-20 1.25893e-20 1.25893e-20 1.25893e-20 1.25893e-20 1.25893e-20 1.25893e-20 1.25893e-20 1.25893e-20 1.25893e-20 1.25893e-20 1.25893e-20 1.25893e-20 1.25893e-20 1.25893e-20 1.25893e-20 1.25893e-20 1.25893e-20 1.25893e-20 1.25893e-20 1.25893e-20 
22.3729	1	1.25893e-20 1.25893e-20 1.25893e-20 1.25893e-20 1.25893e-20 1.25893e-20 1.25893e-20 1.25893e-20 1.25893e-20 1.25893e-20 1.25893e-20 1.25893e-20 1.25893e-20 1.25893e-20 1.25893e-20 1.25893e-20 1.25893e-20 1.25893e-20 1.25893e-20 1.25893e-20 1.25893e-20 1.25893e-20 1.25893e-20 1.25893e-20 1.25893e-20 
22.4079	1	1.25893e-20 1.25893e-20 1.25893e-20 1.25893e-20 1.25893e-20 1.25893e-20 1.25893e-20 1.25893e-20 1.25893e-20 1.25893e-20 1.25893e-20 1.25893e-20 1.25893e-20 1.25893e-20 1.25893e-20 1.25893e-20 1.25893e-20 1.25893e-20 1.25893e-20 1.25893e-20 1.25893e-20 1.25893e-20 1.25893e-20 1.25893e-20 1.25893e-20 
22.6129	1	1.25893e-20 1.25893e-20 1.25893e-20 1.25893e-20 1.25893e-20 1.25893e-20 1.25893e-20 1.25893e-20 1.25893e-20 1.25893e-20 1.25893e-20 1.25893e-20 1.25893e-20 1.25893e-20 1.25893e-20 1.25893e-20 1.25893e-20 1.25893e-20 1.25893e-20 1.25893e-20 1.25893e-20 1.25893e-20 1.25893e-20 1.25893e-20 1.25893e-20 
22.6929	1	1.25893e-20 1.25893e-20 1.25893e-20 1.25893e-20 1.25893e-20 1.25893e-20 1.25893e-20 1.25893e-20 1.25893e-20 1.25893e-20 1.25893e-20 1.25893e-20 1.25893e-20 1.25893e-20 1.25893e-20 1.25893e-20 1.25893e-20 1.25893e-20 1.25893e-20 1.25893e-20 1.25893e-20 1.25893e-20 1.25893e-20 1.25893e-20 1.25893e-20 
22.7729	1	1.25893e-20 1.25893e-20 1.25893e-20 1.25893e-20 1.25893e-20 1.25893e-20 1.25893e-20 1.25893e-20 1.25893e-20 1.25893e-20 1.25893e-20 1.25893e-20 1.25893e-20 1.25893e-20 1.25893e-20 1.25893e-20 1.25893e-20 1.25893e-20 1.25893e-20 1.25893e-20 1.25893e-20 1.25893e-20 1.25893e-20 1.25893e-20 1.25893e-20 
22.8529	1	1.25893e-20 1.25893e-20 1.25893e-20 1.25893e-20 1.25893e-20 1.25893e-20 1.25893e-20 1.25893e-20 1.25893e-20 1.25893e-20 1.25893e-20 1.25893e-20 1.25893e-20 1.25893e-20 1.25893e-20 1.25893e-20 1.25893e-20 1.25893e-20 1.25893e-20 1.25893e-20 1.25893e-20 1.25893e-20 1.25893e-20 1.25893e-20 1.25893e-20 
22.9279	1	1.25893e-20 1.25893e-20 1.25893e-20 1.25893e-20 1.25893e-20 1.25893e-20 1.25893e-20 1.25893e-20 1.25893e-20 1.25893e-20 1.25893e-20 1.25893e-20 1.25893e-20 1.25893e-20 1.25893e-20 1.25893e-20 1.25893e-20 1.25893e-20 1.25893e-20 1.25893e-20 1.25893e-20 1.25893e-20 1.25893e-20 1.25893e-20 1.25893e-20 
23.0929	1	1.25893e-20 1.25893e-20 1.25893e-20 1.25893e-20 1.25893e-20 1.25893e-20 1.25893e-20 1.25893e-20 1.25893e-20 1.25893e-20 1.25893e-20 1.25893e-20 1.25893e-20 1.25893e-20 1.25893e-20 1.25893e-20 1.25893e-20 1.25893e-20 1.25893e-20 1.25893e-20 1.25893e-20 1.25893e-20 1.25893e-20 1.25893e-20 1.25893e-20 
23.1729	1	1.25893e-20 1.25893e-20 1.25893e-20 1.25893e-20 1.25893e-20 1.25893e-20 1.25893e-20 1.25893e-20 1.25893e-20 1.25893e-20 1.25893e-20 1.25893e-20 1.25893e-20 1.25893e-20 1.25893e-20 1.25893e-20 1.25893e-20 1.25893e-20 1.25893e-20 1.25893e-20 1.25893e-20 1.25893e-20 1.25893e-20 1.25893e-20 1.25893e-20 
23.2529	1	1.25893e-20 1.25893e-20 1.25893e-20 1.25893e-20 1.25893e-20 1.25893e-20 1.25893e-20 1.25893e-20 1.25893e-20 1.25893e-20 1.25893e-20 1.25893e-20 1.25893e-20 1.25893e-20 1.25893e-20 1.25893e-20 1.25893e-20 1.25893e-20 1.25893e-20 1.25893e-20 1.25893e-20 1.25893e-20 1.25893e-20 1.25893e-20 1.25893e-20 
23.3329	1	1.25893e-20 1.25893e-20 1.25893e-20 1.25893e-20 1.25893e-20 1.25893e-20 1.25893e-20 1.25893e-20 1.25893e-20 1.25893e-20 1.25893e-20 1.25893e-20 1.25893e-20 1.25893e-20 1.25893e-20 1.25893e-20 1.25893e-20 1.25893e-20 1.25893e-20 1.25893e-20 1.25893e-20 1.25893e-20 1.25893e-20 1.25893e-20 1.25893e-20 
23.3679	1	1.25893e-20 1.25893e-20 1.25893e-20 1.25893e-20 1.25893e-20 1.25893e-20 1.25893e-20 1.25893e-20 1.25893e-20 1.25893e-20 1.25893e-20 1.25893e-20 1.25893e-20 1.25893e-20 1.25893e-20 1.25893e-20 1.25893e-20 1.25893e-20 1.25893e-20 1.25893e-20 1.25893e-20 1.25893e-20 1.25893e-20 1.25893e-20 1.25893e-20 
23.5729	1	1.25893e-20 1.25893e-20 1.25893e-20 1.25893e-20 1.25893e-20 1.25893e-20 1.25893e-20 1.25893e-20 1.25893e-20 1.25893e-20 1.25893e-20 1.25893e-20 1.25893e-20 1.25893e-20 1.25893e-20 1.25893e-20 1.25893e-20 1.25893e-20 1.25893e-20 1.25893e-20 1.25893e-20 1.25893e-20 1.25893e-20 1.25893e-20 1.25893e-20 
23.6529	1	1.25893e-20 1.25893e-20 1.25893e-20 1.25893e-20 1.25893e-20 1.25893e-20 1.25893e-20 1.25893e-20 1.25893e-20 1.25893e-20 1.25893e-20 1.25893e-20 1.25893e-20 1.25893e-20 1.25893e-20 1.25893e-20 1.25893e-20 1.25893e-20 1.25893e-20 1.25893e-20 1.25893e-20 1.25893e-20 1.25893e-20 1.25893e-20 1.25893e-20 
23.7329	1	1.25893e-20 1.25893e-20 1.25893e-20 1.25893e-20 1.25893e-20 1.25893e-20 1.25893e-20 1.25893e-20 1.25893e-20 1.25893e-20 1.25893e-20 1.25893e-20 1.25893e-20 1.25893e-20 1.25893e-20 1.25893e-20 1.25893e-20 1.25893e-20 1.25893e-20 1.25893e-20 1.25893e-20 1.25893e-20 1.25893e-20 1.25893e-20 1.25893e-20 
23.8129	1	1.25893e-20 1.25893e-20 1.25893e-20 1.25893e-20 1.25893e-20 1.25893e-20 1.25893e-20 1.25893e-20 1.25893e-20 1.25893e-20 1.25893e-20 1.25893e-20 1.25893e-20 1.25893e-20 1.25893e-20 1.25893e-20 1.25893e-20 1.25893e-20 1.25893e-20 1.25893e-20 1.25893e-20 1.25893e-20 1.25893e-20 1.25893e-20 1.25893e-20 
24.0479	1	1.25893e-20 1.25893e-20 1.25893e-20 1.25893e-20 1.25893e-20 1.25893e-20 1.25893e-20 1.25893e-20 1.25893e-20 1.25893e-20 1.25893e-20 1.25893e-20 1.25893e-20 1.25893e-20 1.25893e-20 1.25893e-20 1.25893e-20 1.25893e-20 1.25893e-20 1.25893e-20 1.25893e-20 1.25893e-20 1.25893e-20 1.25893e-20 1.25893e-20 
24.0529	1	1.25893e-20 1.25893e-20 1.25893e-20 1.25893e-20 1.25893e-20 1.25893e-20 1.25893e-20 1.25893e-20 1.25893e-20 1.25893e-20 1.25893e-20 1.25893e-20 1.25893e-20 1.25893e-20 1.25893e-20 1.25893e-20 1.25893e-20 1.25893e-20 1.25893e-20 1.25893e-20 1.25893e-20 1.25893e-20 1.25893e-20 1.25893e-20 1.25893e-20 
24.1329	1	1.25893e-20 1.25893e-20 1.25893e-20 1.25893e-20 1.25893e-20 1.25893e-20 1.25893e-20 1.25893e-20 1.25893e-20 1.25893e-20 1.25893e-20 1.25893e-20 1.25893e-20 1.25893e-20 1.25893e-20 1.25893e-20 1.25893e-20 1.25893e-20 1.25893e-20 1.25893e-20 1.25893e-20 1.25893e-20 1.25893e-20 1.25893e-20 1.25893e-20 
24.2129	1	1.25893e-20 1.25893e-20 1.25893e-20 1.25893e-20 1.25893e-20 1.25893e-20 1.25893e-20 1.25893e-20 1.25893e-20 1.25893e-20 1.25893e-20 1.25893e-20 1.25893e-20 1.25893e-20 1.25893e-20 1.25893e-20 1.25893e-20 1.25893e-20 1.25893e-20 1.25893e-20 1.25893e-20 1.25893e-20 1.25893e-20 1.25893e-20 1.25893e-20 
24.2929	1	1.25893e-20 1.25893e-20 1.25893e-20 1.25893e-20 1.25893e-20 1.25893e-20 1.25893e-20 1.25893e-20 1.25893e-20 1.25893e-20 1.25893e-20 1.25893e-20 1.25893e-20 1.25893e-20 1.25893e-20 1.25893e-20 1.25893e-20 1.25893e-20 1.25893e-20 1.25893e-20 1.25893e-20 1.25893e-20 1.25893e-20 1.25893e-20 1.25893e-20 
24.5329	1	1.25893e-20 1.25893e-20 1.25893e-20 1.25893e-20 1.25893e-20 1.25893e-20 1.25893e-20 1.25893e-20 1.25893e-20 1.25893e-20 1.25893e-20 1.25893e-20 1.25893e-20 1.25893e-20 1.25893e-20 1.25893e-20 1.25893e-20 1.25893e-20 1.25893e-20 1.25893e-20 1.25893e-20 1.25893e-20 1.25893e-20 1.25893e-20 1.25893e-20 
24.6129	1	1.25893e-20 1.25893e-20 1.25893e-20 1.25893e-20 1.25893e-20 1.25893e-20 1.25893e-20 1.25893e-20 1.25893e-20 1.25893e-20 1.25893e-20 1.25893e-20 1.25893e-20 1.25893e-20 1.25893e-20 1.25893e-20 1.25893e-20 1.25893e-20 1.25893e-20 1.25893e-20 1.25893e-20 1.25893e-20 1.25893e-20 1.25893e-20 1.25893e-20 
24.6929	1	1.25893e-20 1.25893e-20 1.25893e-20 1.25893e-20 1.25893e-20 1.25893e-20 1.25893e-20 1.25893e-20 1.25893e-20 1.25893e-20 1.25893e-20 1.25893e-20 1.25893e-20 1.25893e-20 1.25893e-20 1.25893e-20 1.25893e-20 1.25893e-20 1.25893e-20 1.25893e-20 1.25893e-20 1.25893e-20 1.25893e-20 1.25893e-20 1.25893e-20 
24.7729	1	1.25893e-20 1.25893e-20 1.25893e-20 1.25893e-20 1.25893e-20 1.25893e-20 1.25893e-20 1.25893e-20 1.25893e-20 1.25893e-20 1.25893e-20 1.25893e-20 1.25893e-20 1.25893e-20 1.25893e-20 1.25893e-20 1.25893e-20 1.25893e-20 1.25893e-20 1.25893e-20 1.25893e-20 1.25893e-20 1.25893e-20 1.25893e-20 1.25893e-20 
24.8729	1	1.25893e-20 1.25893e-20 1.25893e-20 1.25893e-20 1.25893e-20 1.25893e-20 1.25893e-20 1.25893e-20 1.25893e-20 1.25893e-20 1.25893e-20 1.25893e-20 1.25893e-20 1.25893e-20 1.25893e-20 1.25893e-20 1.25893e-20 1.25893e-20 1.25893e-20 1.25893e-20 1.25893e-20 1.25893e-20 1.25893e-20 1.25893e-20 1.25893e-20 
25.0129	1	1.25893e-20 1.25893e-20 1.25893e-20 1.25893e-20 1.25893e-20 1.25893e-20 1.25893e-20 1.25893e-20 1.25893e-20 1.25893e-20 1.25893e-20 1.25893e-20 1.25893e-20 1.25893e-20 1.25893e-20 1.25893e-20 1.25893e-20 1.25893e-20 1.25893e-20 1.25893e-20 1.25893e-20 1.25893e-20 1.25893e-20 1.25893e-20 1.25893e-20 
25.0929	1	1.25893e-20 1.25893e-20 1.25893e-20 1.25893e-20 1.25893e-20 1.25893e-20 1.25893e-20 1.25893e-20 1.25893e-20 1.25893e-20 1.25893e-20 1.25893e-20 1.25893e-20 1.25893e-20 1.25893e-20 1.25893e-20 1.25893e-20 1.25893e-20 1.25893e-20 1.25893e-20 1.25893e-20 1.25893e-20 1.25893e-20 1.25893e-20 1.25893e-20 
25.1729	1	1.25893e-20 1.25893e-20 1.25893e-20 1.25893e-20 1.25893e-20 1.25893e-20 1.25893e-20 1.25893e-20 1.25893e-20 1.25893e-20 1.25893e-20 1.25893e-20 1.25893e-20 1.25893e-20 1.25893e-20 1.25893e-20 1.25893e-20 1.25893e-20 1.25893e-20 1.25893e-20 1.25893e-20 1.25893e-20 1.25893e-20 1.25893e-20 1.25893e-20 
25.2529	1	1.25893e-20 1.25893e-20 1.25893e-20 1.25893e-20 1.25893e-20 1.25893e-20 1.25893e-20 1.25893e-20 1.25893e-20 1.25893e-20 1.25893e-20 1.25893e-20 1.25893e-20 1.25893e-20 1.25893e-20 1.25893e-20 1.25893e-20 1.25893e-20 1.25893e-20 1.25893e-20 1.25893e-20 1.25893e-20 1.25893e-20 1.25893e-20 1.25893e-20 
25.4929	1	1.25893e-20 1.25893e-20 1.25893e-20 1.25893e-20 1.25893e-20 1.25893e-20 1.25893e-20 1.25893e-20 1.25893e-20 1.25893e-20 1.25893e-20 1.25893e-20 1.25893e-20 1.25893e-20 1.25893e-20 1.25893e-20 1.25893e-20 1.25893e-20 1.25893e-20 1.25893e-20 1.25893e-20 1.25893e-20 1.25893e-20 1.25893e-20 1.25893e-20 
25.5729	1	1.25893e-20 1.25893e-20 1.25893e-20 1.25893e-20 1.25893e-20 1.25893e-20 1.25893e-20 1.25893e-20 1.25893e-20 1.25893e-20 1.25893e-20 1.25893e-20 1.25893e-20 1.25893e-20 1.25893e-20 1.25893e-20 1.25893e-20 1.25893e-20 1.25893e-20 1.25893e-20 1.25893e-20 1.25893e-20 1.25893e-20 1.25893e-20 1.25893e-20 
25.6529	1	1.25893e-20 1.25893e-20 1.25893e-20 1.25893e-20 1.25893e-20 1.25893e-20 1.25893e-20 1.25893e-20 1.25893e-20 1.25893e-20 1.25893e-20 1.25893e-20 1.25893e-20 1.25893e-20 1.25893e-20 1.25893e-20 1.25893e-20 1.25893e-20 1.25893e-20 1.25893e-20 1.25893e-20 1.25893e-20 1.25893e-20 1.25893e-20 1.25893e-20 
25.7329	1	1.25893e-20 1.25893e-20 1.25893e-20 1.25893e-20 1.25893e-20 1.25893e-20 1.25893e-20 1.25893e-20 1.25893e-20 1.25893e-20 1.25893e-20 1.25893e-20 1.25893e-20 1.25893e-20 1.25893e-20 1.25893e-20 1.25893e-20 1.25893e-20 1.25893e-20 1.25893e-20 1.25893e-20 1.25893e-20 1.25893e-20 1.25893e-20 1.25893e-20 
25.9729	1	1.25893e-20 1.25893e-20 1.25893e-20 1.25893e-20 1.25893e-20 1.25893e-20 1.25893e-20 1.25893e-20 1.25893e-20 1.25893e-20 1.25893e-20 1.25893e-20 1.25893e-20 1.25893e-20 1.25893e-20 1.25893e-20 1.25893e-20 1.25893e-20 1.25893e-20 1.25893e-20 1.25893e-20 1.25893e-20 1.25893e-20 1.25893e-20 1.25893e-20 
26.0529	1	1.25893e-20 1.25893e-20 1.25893e-20 1.25893e-20 1.25893e-20 1.25893e-20 1.25893e-20 1.25893e-20 1.25893e-20 1.25893e-20 1.25893e-20 1.25893e-20 1.25893e-20 1.25893e-20 1.25893e-20 1.25893e-20 1.25893e-20 1.25893e-20 1.25893e-20 1.25893e-20 1.25893e-20 1.25893e-20 1.25893e-20 1.25893e-20 1.25893e-20 
26.1329	1	1.25893e-20 1.25893e-20 1.25893e-20 1.25893e-20 1.25893e-20 1.25893e-20 1.25893e-20 1.25893e-20 1.25893e-20 1.25893e-20 1.25893e-20 1.25893e-20 1.25893e-20 1.25893e-20 1.25893e-20 1.25893e-20 1.25893e-20 1.25893e-20 1.25893e-20 1.25893e-20 1.25893e-20 1.25893e-20 1.25893e-20 1.25893e-20 1.25893e-20 
26.2129	1	1.25893e-20 1.25893e-20 1.25893e-20 1.25893e-20 1.25893e-20 1.25893e-20 1.25893e-20 1.25893e-20 1.25893e-20 1.25893e-20 1.25893e-20 1.25893e-20 1.25893e-20 1.25893e-20 1.25893e-20 1.25893e-20 1.25893e-20 1.25893e-20 1.25893e-20 1.25893e-20 1.25893e-20 1.25893e-20 1.25893e-20 1.25893e-20 1.25893e-20 
26.4529	1	1.25893e-20 1.25893e-20 1.25893e-20 1.25893e-20 1.25893e-20 1.25893e-20 1.25893e-20 1.25893e-20 1.25893e-20 1.25893e-20 1.25893e-20 1.25893e-20 1.25893e-20 1.25893e-20 1.25893e-20 1.25893e-20 1.25893e-20 1.25893e-20 1.25893e-20 1.25893e-20 1.25893e-20 1.25893e-20 1.25893e-20 1.25893e-20 1.25893e-20 
26.5329	1	1.25893e-20 1.25893e-20 1.25893e-20 1.25893e-20 1.25893e-20 1.25893e-20 1.25893e-20 1.25893e-20 1.25893e-20 1.25893e-20 1.25893e-20 1.25893e-20 1.25893e-20 1.25893e-20 1.25893e-20 1.25893e-20 1.25893e-20 1.25893e-20 1.25893e-20 1.25893e-20 1.25893e-20 1.25893e-20 1.25893e-20 1.25893e-20 1.25893e-20 
26.6129	1	1.25893e-20 1.25893e-20 1.25893e-20 1.25893e-20 1.25893e-20 1.25893e-20 1.25893e-20 1.25893e-20 1.25893e-20 1.25893e-20 1.25893e-20 1.25893e-20 1.25893e-20 1.25893e-20 1.25893e-20 1.25893e-20 1.25893e-20 1.25893e-20 1.25893e-20 1.25893e-20 1.25893e-20 1.25893e-20 1.25893e-20 1.25893e-20 1.25893e-20 
26.6929	1	1.25893e-20 1.25893e-20 1.25893e-20 1.25893e-20 1.25893e-20 1.25893e-20 1.25893e-20 1.25893e-20 1.25893e-20 1.25893e-20 1.25893e-20 1.25893e-20 1.25893e-20 1.25893e-20 1.25893e-20 1.25893e-20 1.25893e-20 1.25893e-20 1.25893e-20 1.25893e-20 1.25893e-20 1.25893e-20 1.25893e-20 1.25893e-20 1.25893e-20 
26.9329	1	1.25893e-20 1.25893e-20 1.25893e-20 1.25893e-20 1.25893e-20 1.25893e-20 1.25893e-20 1.25893e-20 1.25893e-20 1.25893e-20 1.25893e-20 1.25893e-20 1.25893e-20 1.25893e-20 1.25893e-20 1.25893e-20 1.25893e-20 1.25893e-20 1.25893e-20 1.25893e-20 1.25893e-20 1.25893e-20 1.25893e-20 1.25893e-20 1.25893e-20 
27.0129	1	1.25893e-20 1.25893e-20 1.25893e-20 1.25893e-20 1.25893e-20 1.25893e-20 1.25893e-20 1.25893e-20 1.25893e-20 1.25893e-20 1.25893e-20 1.25893e-20 1.25893e-20 1.25893e-20 1.25893e-20 1.25893e-20 1.25893e-20 1.25893e-20 1.25893e-20 1.25893e-20 1.25893e-20 1.25893e-20 1.25893e-20 1.25893e-20 1.25893e-20 
27.0929	1	1.25893e-20 1.25893e-20 1.25893e-20 1.25893e-20 1.25893e-20 1.25893e-20 1.25893e-20 1.25893e-20 1.25893e-20 1.25893e-20 1.25893e-20 1.25893e-20 1.25893e-20 1.25893e-20 1.25893e-20 1.25893e-20 1.25893e-20 1.25893e-20 1.25893e-20 1.25893e-20 1.25893e-20 1.25893e-20 1.25893e-20 1.25893e-20 1.25893e-20 
27.1729	1	1.25893e-20 1.25893e-20 1.25893e-20 1.25893e-20 1.25893e-20 1.25893e-20 1.25893e-20 1.25893e-20 1.25893e-20 1.25893e-20 1.25893e-20 1.25893e-20 1.25893e-20 1.25893e-20 1.25893e-20 1.25893e-20 1.25893e-20 1.25893e-20 1.25893e-20 1.25893e-20 1.25893e-20 1.25893e-20 1.25893e-20 1.25893e-20 1.25893e-20 
27.4129	1	1.25893e-20 1.25893e-20 1.25893e-20 1.25893e-20 1.25893e-20 1.25893e-20 1.25893e-20 1.25893e-20 1.25893e-20 1.25893e-20 1.25893e-20 1.25893e-20 1.25893e-20 1.25893e-20 1.25893e-20 1.25893e-20 1.25893e-20 1.25893e-20 1.25893e-20 1.25893e-20 1.25893e-20 1.25893e-20 1.25893e-20 1.25893e-20 1.25893e-20 
27.4929	1	1.25893e-20 1.25893e-20 1.25893e-20 1.25893e-20 1.25893e-20 1.25893e-20 1.25893e-20 1.25893e-20 1.25893e-20 1.25893e-20 1.25893e-20 1.25893e-20 1.25893e-20 1.25893e-20 1.25893e-20 1.25893e-20 1.25893e-20 1.25893e-20 1.25893e-20 1.25893e-20 1.25893e-20 1.25893e-20 1.25893e-20 1.25893e-20 1.25893e-20 
27.5279	1	1.25893e-20 1.25893e-20 1.25893e-20 1.25893e-20 1.25893e-20 1.25893e-20 1.25893e-20 1.25893e-20 1.25893e-20 1.25893e-20 1.25893e-20 1.25893e-20 1.25893e-20 1.25893e-20 1.25893e-20 1.25893e-20 1.25893e-20 1.25893e-20 1.25893e-20 1.25893e-20 1.25893e-20 1.25893e-20 1.25893e-20 1.25893e-20 1.25893e-20 
27.5729	1	1.25893e-20 1.25893e-20 1.25893e-20 1.25893e-20 1.25893e-20 1.25893e-20 1.25893e-20 1.25893e-20 1.25893e-20 1.25893e-20 1.25893e-20 1.25893e-20 1.25893e-20 1.25893e-20 1.25893e-20 1.25893e-20 1.25893e-20 1.25893e-20 1.25893e-20 1.25893e-20 1.25893e-20 1.25893e-20 1.25893e-20 1.25893e-20 1.25893e-20 
27.5929	1	1.25893e-20 1.25893e-20 1.25893e-20 1.25893e-20 1.25893e-20 1.25893e-20 1.25893e-20 1.25893e-20 1.25893e-20 1.25893e-20 1.25893e-20 1.25893e-20 1.25893e-20 1.25893e-20 1.25893e-20 1.25893e-20 1.25893e-20 1.25893e-20 1.25893e-20 1.25893e-20 1.25893e-20 1.25893e-20 1.25893e-20 1.25893e-20 1.25893e-20 
27.6529	1	1.25893e-20 1.25893e-20 1.25893e-20 1.25893e-20 1.25893e-20 1.25893e-20 1.25893e-20 1.25893e-20 1.25893e-20 1.25893e-20 1.25893e-20 1.25893e-20 1.25893e-20 1.25893e-20 1.25893e-20 1.25893e-20 1.25893e-20 1.25893e-20 1.25893e-20 1.25893e-20 1.25893e-20 1.25893e-20 1.25893e-20 1.25893e-20 1.25893e-20 
27.8879	1	1.25893e-20 1.25893e-20 1.25893e-20 1.25893e-20 1.25893e-20 1.25893e-20 1.25893e-20 1.25893e-20 1.25893e-20 1.25893e-20 1.25893e-20 1.25893e-20 1.25893e-20 1.25893e-20 1.25893e-20 1.25893e-20 1.25893e-20 1.25893e-20 1.25893e-20 1.25893e-20 1.25893e-20 1.25893e-20 1.25893e-20 1.25893e-20 1.25893e-20 
27.8929	1	1.25893e-20 1.25893e-20 1.25893e-20 1.25893e-20 1.25893e-20 1.25893e-20 1.25893e-20 1.25893e-20 1.25893e-20 1.25893e-20 1.25893e-20 1.25893e-20 1.25893e-20 1.25893e-20 1.25893e-20 1.25893e-20 1.25893e-20 1.25893e-20 1.25893e-20 1.25893e-20 1.25893e-20 1.25893e-20 1.25893e-20 1.25893e-20 1.25893e-20 
27.9729	1	1.25893e-20 1.25893e-20 1.25893e-20 1.25893e-20 1.25893e-20 1.25893e-20 1.25893e-20 1.25893e-20 1.25893e-20 1.25893e-20 1.25893e-20 1.25893e-20 1.25893e-20 1.25893e-20 1.25893e-20 1.25893e-20 1.25893e-20 1.25893e-20 1.25893e-20 1.25893e-20 1.25893e-20 1.25893e-20 1.25893e-20 1.25893e-20 1.25893e-20 
28.0529	1	1.25893e-20 1.25893e-20 1.25893e-20 1.25893e-20 1.25893e-20 1.25893e-20 1.25893e-20 1.25893e-20 1.25893e-20 1.25893e-20 1.25893e-20 1.25893e-20 1.25893e-20 1.25893e-20 1.25893e-20 1.25893e-20 1.25893e-20 1.25893e-20 1.25893e-20 1.25893e-20 1.25893e-20 1.25893e-20 1.25893e-20 1.25893e-20 1.25893e-20 
28.1329	1	1.25893e-20 1.25893e-20 1.25893e-20 1.25893e-20 1.25893e-20 1.25893e-20 1.25893e-20 1.25893e-20 1.25893e-20 1.25893e-20 1.25893e-20 1.25893e-20 1.25893e-20 1.25893e-20 1.25893e-20 1.25893e-20 1.25893e-20 1.25893e-20 1.25893e-20 1.25893e-20 1.25893e-20 1.25893e-20 1.25893e-20 1.25893e-20 1.25893e-20 
28.1679	1	1.25893e-20 1.25893e-20 1.25893e-20 1.25893e-20 1.25893e-20 1.25893e-20 1.25893e-20 1.25893e-20 1.25893e-20 1.25893e-20 1.25893e-20 1.25893e-20 1.25893e-20 1.25893e-20 1.25893e-20 1.25893e-20 1.25893e-20 1.25893e-20 1.25893e-20 1.25893e-20 1.25893e-20 1.25893e-20 1.25893e-20 1.25893e-20 1.25893e-20 
28.3729	1	1.25893e-20 1.25893e-20 1.25893e-20 1.25893e-20 1.25893e-20 1.25893e-20 1.25893e-20 1.25893e-20 1.25893e-20 1.25893e-20 1.25893e-20 1.25893e-20 1.25893e-20 1.25893e-20 1.25893e-20 1.25893e-20 1.25893e-20 1.25893e-20 1.25893e-20 1.25893e-20 1.25893e-20 1.25893e-20 1.25893e-20 1.25893e-20 1.25893e-20 
28.3799	1	1.25893e-20 1.25893e-20 1.25893e-20 1.25893e-20 1.25893e-20 1.25893e-20 1.25893e-20 1.25893e-20 1.25893e-20 1.25893e-20 1.25893e-20 1.25893e-20 1.25893e-20 1.25893e-20 1.25893e-20 1.25893e-20 1.25893e-20 1.25893e-20 1.25893e-20 1.25893e-20 1.25893e-20 1.25893e-20 1.25893e-20 1.25893e-20 1.25893e-20 
28.4529	1	1.25893e-20 1.25893e-20 1.25893e-20 1.25893e-20 1.25893e-20 1.25893e-20 1.25893e-20 1.25893e-20 1.25893e-20 1.25893e-20 1.25893e-20 1.25893e-20 1.25893e-20 1.25893e-20 1.25893e-20 1.25893e-20 1.25893e-20 1.25893e-20 1.25893e-20 1.25893e-20 1.25893e-20 1.25893e-20 1.25893e-20 1.25893e-20 1.25893e-20 
28.5329	1	1.25893e-20 1.25893e-20 1.25893e-20 1.25893e-20 1.25893e-20 1.25893e-20 1.25893e-20 1.25893e-20 1.25893e-20 1.25893e-20 1.25893e-20 1.25893e-20 1.25893e-20 1.25893e-20 1.25893e-20 1.25893e-20 1.25893e-20 1.25893e-20 1.25893e-20 1.25893e-20 1.25893e-20 1.25893e-20 1.25893e-20 1.25893e-20 1.25893e-20 
28.6129	1	1.25893e-20 1.25893e-20 1.25893e-20 1.25893e-20 1.25893e-20 1.25893e-20 1.25893e-20 1.25893e-20 1.25893e-20 1.25893e-20 1.25893e-20 1.25893e-20 1.25893e-20 1.25893e-20 1.25893e-20 1.25893e-20 1.25893e-20 1.25893e-20 1.25893e-20 1.25893e-20 1.25893e-20 1.25893e-20 1.25893e-20 1.25893e-20 1.25893e-20 
28.6479	1	1.25893e-20 1.25893e-20 1.25893e-20 1.25893e-20 1.25893e-20 1.25893e-20 1.25893e-20 1.25893e-20 1.25893e-20 1.25893e-20 1.25893e-20 1.25893e-20 1.25893e-20 1.25893e-20 1.25893e-20 1.25893e-20 1.25893e-20 1.25893e-20 1.25893e-20 1.25893e-20 1.25893e-20 1.25893e-20 1.25893e-20 1.25893e-20 1.25893e-20 
28.8529	1	1.25893e-20 1.25893e-20 1.25893e-20 1.25893e-20 1.25893e-20 1.25893e-20 1.25893e-20 1.25893e-20 1.25893e-20 1.25893e-20 1.25893e-20 1.25893e-20 1.25893e-20 1.25893e-20 1.25893e-20 1.25893e-20 1.25893e-20 1.25893e-20 1.25893e-20 1.25893e-20 1.25893e-20 1.25893e-20 1.25893e-20 1.25893e-20 1.25893e-20 
28.9329	1	1.25893e-20 1.25893e-20 1.25893e-20 1.25893e-20 1.25893e-20 1.25893e-20 1.25893e-20 1.25893e-20 1.25893e-20 1.25893e-20 1.25893e-20 1.25893e-20 1.25893e-20 1.25893e-20 1.25893e-20 1.25893e-20 1.25893e-20 1.25893e-20 1.25893e-20 1.25893e-20 1.25893e-20 1.25893e-20 1.25893e-20 1.25893e-20 1.25893e-20 
29.0129	1	1.25893e-20 1.25893e-20 1.25893e-20 1.25893e-20 1.25893e-20 1.25893e-20 1.25893e-20 1.25893e-20 1.25893e-20 1.25893e-20 1.25893e-20 1.25893e-20 1.25893e-20 1.25893e-20 1.25893e-20 1.25893e-20 1.25893e-20 1.25893e-20 1.25893e-20 1.25893e-20 1.25893e-20 1.25893e-20 1.25893e-20 1.25893e-20 1.25893e-20 
29.0929	1	1.25893e-20 1.25893e-20 1.25893e-20 1.25893e-20 1.25893e-20 1.25893e-20 1.25893e-20 1.25893e-20 1.25893e-20 1.25893e-20 1.25893e-20 1.25893e-20 1.25893e-20 1.25893e-20 1.25893e-20 1.25893e-20 1.25893e-20 1.25893e-20 1.25893e-20 1.25893e-20 1.25893e-20 1.25893e-20 1.25893e-20 1.25893e-20 1.25893e-20 
29.3329	1	1.25893e-20 1.25893e-20 1.25893e-20 1.25893e-20 1.25893e-20 1.25893e-20 1.25893e-20 1.25893e-20 1.25893e-20 1.25893e-20 1.25893e-20 1.25893e-20 1.25893e-20 1.25893e-20 1.25893e-20 1.25893e-20 1.25893e-20 1.25893e-20 1.25893e-20 1.25893e-20 1.25893e-20 1.25893e-20 1.25893e-20 1.25893e-20 1.25893e-20 
29.4129	1	1.25893e-20 1.25893e-20 1.25893e-20 1.25893e-20 1.25893e-20 1.25893e-20 1.25893e-20 1.25893e-20 1.25893e-20 1.25893e-20 1.25893e-20 1.25893e-20 1.25893e-20 1.25893e-20 1.25893e-20 1.25893e-20 1.25893e-20 1.25893e-20 1.25893e-20 1.25893e-20 1.25893e-20 1.25893e-20 1.25893e-20 1.25893e-20 1.25893e-20 
29.4929	1	1.25893e-20 1.25893e-20 1.25893e-20 1.25893e-20 1.25893e-20 1.25893e-20 1.25893e-20 1.25893e-20 1.25893e-20 1.25893e-20 1.25893e-20 1.25893e-20 1.25893e-20 1.25893e-20 1.25893e-20 1.25893e-20 1.25893e-20 1.25893e-20 1.25893e-20 1.25893e-20 1.25893e-20 1.25893e-20 1.25893e-20 1.25893e-20 1.25893e-20 
29.5729	1	1.25893e-20 1.25893e-20 1.25893e-20 1.25893e-20 1.25893e-20 1.25893e-20 1.25893e-20 1.25893e-20 1.25893e-20 1.25893e-20 1.25893e-20 1.25893e-20 1.25893e-20 1.25893e-20 1.25893e-20 1.25893e-20 1.25893e-20 1.25893e-20 1.25893e-20 1.25893e-20 1.25893e-20 1.25893e-20 1.25893e-20 1.25893e-20 1.25893e-20 
29.8079	1	1.25893e-20 1.25893e-20 1.25893e-20 1.25893e-20 1.25893e-20 1.25893e-20 1.25893e-20 1.25893e-20 1.25893e-20 1.25893e-20 1.25893e-20 1.25893e-20 1.25893e-20 1.25893e-20 1.25893e-20 1.25893e-20 1.25893e-20 1.25893e-20 1.25893e-20 1.25893e-20 1.25893e-20 1.25893e-20 1.25893e-20 1.25893e-20 1.25893e-20 
29.8129	1	1.25893e-20 1.25893e-20 1.25893e-20 1.25893e-20 1.25893e-20 1.25893e-20 1.25893e-20 1.25893e-20 1.25893e-20 1.25893e-20 1.25893e-20 1.25893e-20 1.25893e-20 1.25893e-20 1.25893e-20 1.25893e-20 1.25893e-20 1.25893e-20 1.25893e-20 1.25893e-20 1.25893e-20 1.25893e-20 1.25893e-20 1.25893e-20 1.25893e-20 
29.8929	1	1.25893e-20 1.25893e-20 1.25893e-20 1.25893e-20 1.25893e-20 1.25893e-20 1.25893e-20 1.25893e-20 1.25893e-20 1.25893e-20 1.25893e-20 1.25893e-20 1.25893e-20 1.25893e-20 1.25893e-20 1.25893e-20 1.25893e-20 1.25893e-20 1.25893e-20 1.25893e-20 1.25893e-20 1.25893e-20 1.25893e-20 1.25893e-20 1.25893e-20 
29.9209	1	1.25893e-20 1.25893e-20 1.25893e-20 1.25893e-20 1.25893e-20 1.25893e-20 1.25893e-20 1.25893e-20 1.25893e-20 1.25893e-20 1.25893e-20 1.25893e-20 1.25893e-20 1.25893e-20 1.25893e-20 1.25893e-20 1.25893e-20 1.25893e-20 1.25893e-20 1.25893e-20 1.25893e-20 1.25893e-20 1.25893e-20 1.25893e-20 1.25893e-20 
29.9729	1	1.25893e-20 1.25893e-20 1.25893e-20 1.25893e-20 1.25893e-20 1.25893e-20 1.25893e-20 1.25893e-20 1.25893e-20 1.25893e-20 1.25893e-20 1.25893e-20 1.25893e-20 1.25893e-20 1.25893e-20 1.25893e-20 1.25893e-20 1.25893e-20 1.25893e-20 1.25893e-20 1.25893e-20 1.25893e-20 1.25893e-20 1.25893e-20 1.25893e-20 
