% start	end	CellId	IMSI	RNTI	LCID	nTxPDUs	TxBytes	nRxPDUs	RxBytes	delay	stdDev	min	max	PduSize	stdDev	min	max
0	1	1	1	7	1	9	49	9	49	0.0238806	0.0211171	0.0119286	0.0749276	5.44444	3.43188	3	10	
0	1	1	2	4	1	4	27	4	27	0.0619281	0.0993341	0.0119286	0.210928	6.75	3.77492	3	10	
0	1	1	3	1	1	4	27	4	27	0.0141781	0.00386182	0.0119286	0.0199276	6.75	3.77492	3	10	
0	1	1	4	5	1	4	27	4	27	0.0221781	0.0198386	0.0119286	0.0519276	6.75	3.77492	3	10	
0	1	1	5	8	1	7	43	7	43	0.0290404	0.0300273	0.0119286	0.0879286	6.14286	3.62531	3	10	
0	1	1	6	6	1	7	43	7	43	0.0210404	0.0160329	0.0119286	0.0529276	6.14286	3.62531	3	10	
0	1	1	7	2	1	4	27	4	27	0.0214281	0.018339	0.0119286	0.0489276	6.75	3.77492	3	10	
1	2	1	1	7	1	2	20	2	20	0.0129276	0	0.0129276	0.0129276	10	0	10	10	
1	2	1	2	4	1	2	20	2	20	0.0129276	0	0.0129276	0.0129276	10	0	10	10	
1	2	1	3	1	1	2	20	2	20	0.0129276	0	0.0129276	0.0129276	10	0	10	10	
1	2	1	4	5	1	2	20	2	20	0.0129276	0	0.0129276	0.0129276	10	0	10	10	
1	2	1	5	8	1	3	30	3	30	0.0129276	0	0.0129276	0.0129276	10	0	10	10	
1	2	1	6	6	1	2	20	2	20	0.0129276	0	0.0129276	0.0129276	10	0	10	10	
1	2	1	7	2	1	2	20	2	20	0.0129276	0	0.0129276	0.0129276	10	0	10	10	
2	3	1	1	7	1	2	20	2	20	0.0129276	0	0.0129276	0.0129276	10	0	10	10	
2	3	1	2	4	1	2	20	2	20	0.0129276	0	0.0129276	0.0129276	10	0	10	10	
2	3	1	3	1	1	2	20	2	20	0.0129276	0	0.0129276	0.0129276	10	0	10	10	
2	3	1	4	5	1	2	20	2	20	0.0129276	0	0.0129276	0.0129276	10	0	10	10	
2	3	1	5	8	1	2	20	2	20	0.0129276	0	0.0129276	0.0129276	10	0	10	10	
2	3	1	6	6	1	2	20	2	20	0.0129276	0	0.0129276	0.0129276	10	0	10	10	
2	3	1	7	2	1	2	20	2	20	0.0129276	0	0.0129276	0.0129276	10	0	10	10	
3	4	1	1	7	1	3	30	3	30	0.0129276	0	0.0129276	0.0129276	10	0	10	10	
3	4	1	2	4	1	2	20	2	20	0.0129276	0	0.0129276	0.0129276	10	0	10	10	
3	4	1	3	1	1	2	20	2	20	0.0129276	0	0.0129276	0.0129276	10	0	10	10	
3	4	1	4	5	1	2	20	2	20	0.0129276	0	0.0129276	0.0129276	10	0	10	10	
3	4	1	5	8	1	2	20	2	20	0.0129276	0	0.0129276	0.0129276	10	0	10	10	
3	4	1	6	6	1	3	30	3	30	0.0129276	0	0.0129276	0.0129276	10	0	10	10	
3	4	1	7	2	1	2	20	2	20	0.0129276	0	0.0129276	0.0129276	10	0	10	10	
4	5	1	1	7	1	2	20	2	20	0.0129276	0	0.0129276	0.0129276	10	0	10	10	
4	5	1	2	4	1	2	20	2	20	0.0129276	0	0.0129276	0.0129276	10	0	10	10	
4	5	1	3	1	1	2	20	2	20	0.0129276	0	0.0129276	0.0129276	10	0	10	10	
4	5	1	4	5	1	2	20	2	20	0.0129276	0	0.0129276	0.0129276	10	0	10	10	
4	5	1	5	8	1	2	20	2	20	0.0164276	0.00494975	0.0129276	0.0199276	10	0	10	10	
4	5	1	6	6	1	2	20	2	20	0.0129276	0	0.0129276	0.0129276	10	0	10	10	
4	5	1	7	2	1	2	20	2	20	0.0129276	0	0.0129276	0.0129276	10	0	10	10	
5	6	1	1	7	1	2	20	2	20	0.0129276	0	0.0129276	0.0129276	10	0	10	10	
5	6	1	2	4	1	3	30	3	30	0.0129276	0	0.0129276	0.0129276	10	0	10	10	
5	6	1	3	1	1	3	30	3	30	0.0129276	0	0.0129276	0.0129276	10	0	10	10	
5	6	1	4	5	1	2	20	2	20	0.0129276	0	0.0129276	0.0129276	10	0	10	10	
5	6	1	5	8	1	2	20	2	20	0.0139276	0.00141421	0.0129276	0.0149276	10	0	10	10	
5	6	1	6	6	1	2	20	2	20	0.0129276	0	0.0129276	0.0129276	10	0	10	10	
5	6	1	7	2	1	3	30	3	30	0.0129276	0	0.0129276	0.0129276	10	0	10	10	
6	7	1	1	7	1	2	20	2	20	0.0129276	0	0.0129276	0.0129276	10	0	10	10	
6	7	1	2	4	1	2	20	2	20	0.0129276	0	0.0129276	0.0129276	10	0	10	10	
6	7	1	3	1	1	2	20	2	20	0.0129276	0	0.0129276	0.0129276	10	0	10	10	
6	7	1	4	5	1	2	20	2	20	0.0129276	0	0.0129276	0.0129276	10	0	10	10	
6	7	1	5	8	1	2	20	2	20	0.0129276	0	0.0129276	0.0129276	10	0	10	10	
6	7	1	6	6	1	2	20	2	20	0.0129276	0	0.0129276	0.0129276	10	0	10	10	
6	7	1	7	2	1	2	20	2	20	0.0129276	0	0.0129276	0.0129276	10	0	10	10	
7	8	1	1	7	1	2	20	2	20	0.0129276	0	0.0129276	0.0129276	10	0	10	10	
7	8	1	2	4	1	2	20	2	20	0.0129276	0	0.0129276	0.0129276	10	0	10	10	
7	8	1	3	1	1	2	20	2	20	0.0129276	0	0.0129276	0.0129276	10	0	10	10	
7	8	1	4	5	1	2	20	2	20	0.0129276	0	0.0129276	0.0129276	10	0	10	10	
7	8	1	5	8	1	2	20	2	20	0.0129276	0	0.0129276	0.0129276	10	0	10	10	
7	8	1	6	6	1	2	20	2	20	0.0129276	0	0.0129276	0.0129276	10	0	10	10	
7	8	1	7	2	1	2	20	2	20	0.0129276	0	0.0129276	0.0129276	10	0	10	10	
8	9	1	1	7	1	2	20	2	20	0.0334276	0.0289914	0.0129276	0.0539276	10	0	10	10	
8	9	1	2	4	1	2	20	2	20	0.0129276	0	0.0129276	0.0129276	10	0	10	10	
8	9	1	3	1	1	2	20	2	20	0.0129276	0	0.0129276	0.0129276	10	0	10	10	
8	9	1	4	5	1	2	20	2	20	0.0129276	0	0.0129276	0.0129276	10	0	10	10	
8	9	1	5	8	1	2	20	2	20	0.0129276	0	0.0129276	0.0129276	10	0	10	10	
8	9	1	6	6	1	2	20	2	20	0.0129276	0	0.0129276	0.0129276	10	0	10	10	
8	9	1	7	2	1	2	20	2	20	0.0129276	0	0.0129276	0.0129276	10	0	10	10	
9	10	1	1	7	1	2	20	2	20	0.0129276	0	0.0129276	0.0129276	10	0	10	10	
9	10	1	2	4	1	2	20	2	20	0.0129276	0	0.0129276	0.0129276	10	0	10	10	
9	10	1	3	1	1	2	20	2	20	0.0129276	0	0.0129276	0.0129276	10	0	10	10	
9	10	1	4	5	1	2	20	2	20	0.0129276	0	0.0129276	0.0129276	10	0	10	10	
9	10	1	5	8	1	2	20	2	20	0.0129276	0	0.0129276	0.0129276	10	0	10	10	
9	10	1	6	6	1	2	20	2	20	0.0129276	0	0.0129276	0.0129276	10	0	10	10	
9	10	1	7	2	1	2	20	2	20	0.0129276	0	0.0129276	0.0129276	10	0	10	10	
10	11	1	1	7	1	2	20	2	20	0.0129276	0	0.0129276	0.0129276	10	0	10	10	
10	11	1	2	4	1	2	20	2	20	0.0129276	0	0.0129276	0.0129276	10	0	10	10	
10	11	1	3	1	1	2	20	2	20	0.0129276	0	0.0129276	0.0129276	10	0	10	10	
10	11	1	4	5	1	2	20	2	20	0.0129276	0	0.0129276	0.0129276	10	0	10	10	
10	11	1	5	8	1	2	20	2	20	0.0129276	0	0.0129276	0.0129276	10	0	10	10	
10	11	1	6	6	1	2	20	2	20	0.0129276	0	0.0129276	0.0129276	10	0	10	10	
10	11	1	7	2	1	2	20	2	20	0.0129276	0	0.0129276	0.0129276	10	0	10	10	
11	12	1	1	7	1	2	20	2	20	0.0129276	0	0.0129276	0.0129276	10	0	10	10	
11	12	1	2	4	1	2	20	2	20	0.0129276	0	0.0129276	0.0129276	10	0	10	10	
11	12	1	3	1	1	2	20	2	20	0.0129276	0	0.0129276	0.0129276	10	0	10	10	
11	12	1	4	5	1	2	20	2	20	0.0129276	0	0.0129276	0.0129276	10	0	10	10	
11	12	1	5	8	1	2	20	2	20	0.0129276	0	0.0129276	0.0129276	10	0	10	10	
11	12	1	6	6	1	2	20	2	20	0.0129276	0	0.0129276	0.0129276	10	0	10	10	
11	12	1	7	2	1	2	20	2	20	0.0129276	0	0.0129276	0.0129276	10	0	10	10	
12	13	1	1	7	1	2	20	2	20	0.0129276	0	0.0129276	0.0129276	10	0	10	10	
12	13	1	2	4	1	2	20	2	20	0.0129276	0	0.0129276	0.0129276	10	0	10	10	
12	13	1	3	1	1	2	20	2	20	0.0129276	0	0.0129276	0.0129276	10	0	10	10	
12	13	1	4	5	1	2	20	2	20	0.0129276	0	0.0129276	0.0129276	10	0	10	10	
12	13	1	5	8	1	2	20	2	20	0.0129276	0	0.0129276	0.0129276	10	0	10	10	
12	13	1	6	6	1	2	20	2	20	0.0129276	0	0.0129276	0.0129276	10	0	10	10	
12	13	1	7	2	1	2	20	2	20	0.0129276	0	0.0129276	0.0129276	10	0	10	10	
13	14	1	1	7	1	2	20	2	20	0.0134276	0.000707107	0.0129276	0.0139276	10	0	10	10	
13	14	1	2	4	1	2	20	2	20	0.0129276	0	0.0129276	0.0129276	10	0	10	10	
13	14	1	3	1	1	2	20	2	20	0.0129276	0	0.0129276	0.0129276	10	0	10	10	
13	14	1	4	5	1	2	20	2	20	0.0129276	0	0.0129276	0.0129276	10	0	10	10	
13	14	1	5	8	1	3	30	3	30	0.0129276	0	0.0129276	0.0129276	10	0	10	10	
13	14	1	6	6	1	2	20	2	20	0.0129276	0	0.0129276	0.0129276	10	0	10	10	
13	14	1	7	2	1	2	20	2	20	0.0129276	0	0.0129276	0.0129276	10	0	10	10	
14	15	1	1	7	1	2	20	2	20	0.0129276	0	0.0129276	0.0129276	10	0	10	10	
14	15	1	2	4	1	2	20	2	20	0.0129276	0	0.0129276	0.0129276	10	0	10	10	
14	15	1	3	1	1	2	20	2	20	0.0229276	0.0141421	0.0129276	0.0329276	10	0	10	10	
14	15	1	4	5	1	2	20	2	20	0.0129276	0	0.0129276	0.0129276	10	0	10	10	
14	15	1	5	8	1	2	20	2	20	0.0129276	0	0.0129276	0.0129276	10	0	10	10	
14	15	1	6	6	1	2	20	2	20	0.0129276	0	0.0129276	0.0129276	10	0	10	10	
14	15	1	7	2	1	2	20	2	20	0.0129276	0	0.0129276	0.0129276	10	0	10	10	
15	16	2	1	5	1	4	33	3	30	0.0129276	0	0.0129276	0.0129276	10	0	10	10	
15	16	1	2	4	1	2	20	2	20	0.0129276	0	0.0129276	0.0129276	10	0	10	10	
15	16	1	3	1	1	2	20	2	20	0.0129276	0	0.0129276	0.0129276	10	0	10	10	
15	16	1	4	5	1	2	20	2	20	0.0129276	0	0.0129276	0.0129276	10	0	10	10	
15	16	1	5	8	1	2	20	2	20	0.0129276	0	0.0129276	0.0129276	10	0	10	10	
15	16	1	6	6	1	3	30	3	30	0.0129276	0	0.0129276	0.0129276	10	0	10	10	
15	16	1	7	2	1	2	20	2	20	0.0129276	0	0.0129276	0.0129276	10	0	10	10	
16	17	2	1	5	1	3	30	0	0	0	0	0	0	0	0	0	0	
16	17	1	2	4	1	2	20	2	20	0.0129276	0	0.0129276	0.0129276	10	0	10	10	
16	17	1	3	1	1	2	20	2	20	0.130428	0.16617	0.0129276	0.247928	10	0	10	10	
16	17	1	4	5	1	1	10	1	10	0.0129276	0	0.0129276	0.0129276	10	0	10	10	
16	17	1	5	8	1	2	20	2	20	0.0129276	0	0.0129276	0.0129276	10	0	10	10	
16	17	1	6	6	1	2	20	2	20	0.0129276	0	0.0129276	0.0129276	10	0	10	10	
16	17	1	7	2	1	2	20	2	20	0.0129276	0	0.0129276	0.0129276	10	0	10	10	
17	18	2	1	5	1	2	20	0	0	0	0	0	0	0	0	0	0	
17	18	1	2	4	1	3	30	3	30	0.0129276	0	0.0129276	0.0129276	10	0	10	10	
17	18	1	3	1	1	2	20	2	20	0.0129276	0	0.0129276	0.0129276	10	0	10	10	
17	18	1	4	5	1	2	20	2	20	0.0129276	0	0.0129276	0.0129276	10	0	10	10	
17	18	1	5	8	1	2	20	2	20	0.0164276	0.00494975	0.0129276	0.0199276	10	0	10	10	
17	18	1	6	6	1	2	20	2	20	0.0129276	0	0.0129276	0.0129276	10	0	10	10	
17	18	1	7	2	1	3	30	3	30	0.0129276	0	0.0129276	0.0129276	10	0	10	10	
18	19	2	1	5	1	2	20	0	0	0	0	0	0	0	0	0	0	
18	19	1	2	4	1	2	20	2	20	0.0129276	0	0.0129276	0.0129276	10	0	10	10	
18	19	1	3	1	1	2	20	2	20	0.0304276	0.0247487	0.0129276	0.0479276	10	0	10	10	
18	19	1	4	5	1	2	20	2	20	0.0129276	0	0.0129276	0.0129276	10	0	10	10	
18	19	1	5	8	1	2	20	2	20	0.0129276	0	0.0129276	0.0129276	10	0	10	10	
18	19	1	6	6	1	2	20	2	20	0.0129276	0	0.0129276	0.0129276	10	0	10	10	
18	19	1	7	2	1	2	20	2	20	0.0129276	0	0.0129276	0.0129276	10	0	10	10	
19	20	2	1	5	1	2	20	0	0	0	0	0	0	0	0	0	0	
19	20	1	2	4	1	2	20	2	20	0.0129276	0	0.0129276	0.0129276	10	0	10	10	
19	20	1	3	1	1	3	30	3	30	0.104594	0.129647	0.0129276	0.252928	10	0	10	10	
19	20	1	4	5	1	3	30	3	30	0.0129276	0	0.0129276	0.0129276	10	0	10	10	
19	20	1	5	8	1	2	20	2	20	0.0229276	0.0141421	0.0129276	0.0329276	10	0	10	10	
19	20	1	6	6	1	2	20	2	20	0.0129276	0	0.0129276	0.0129276	10	0	10	10	
19	20	1	7	2	1	2	20	2	20	0.0129276	0	0.0129276	0.0129276	10	0	10	10	
20	21	2	1	5	1	2	20	0	0	0	0	0	0	0	0	0	0	
20	21	1	2	4	1	2	20	2	20	0.0129276	0	0.0129276	0.0129276	10	0	10	10	
20	21	1	3	1	1	2	20	2	20	0.0504276	0.053033	0.0129276	0.0879276	10	0	10	10	
20	21	1	4	5	1	2	20	2	20	0.0129276	0	0.0129276	0.0129276	10	0	10	10	
20	21	1	5	8	1	2	20	2	20	0.0129276	0	0.0129276	0.0129276	10	0	10	10	
20	21	1	6	6	1	2	20	2	20	0.0129276	0	0.0129276	0.0129276	10	0	10	10	
20	21	1	7	2	1	2	20	2	20	0.0129276	0	0.0129276	0.0129276	10	0	10	10	
21	22	2	1	5	1	2	20	0	0	0	0	0	0	0	0	0	0	
21	22	1	2	4	1	2	20	2	20	0.0129276	0	0.0129276	0.0129276	10	0	10	10	
21	22	1	3	1	1	2	20	2	20	0.0504276	0.053033	0.0129276	0.0879276	10	0	10	10	
21	22	1	4	5	1	2	20	2	20	0.0129276	0	0.0129276	0.0129276	10	0	10	10	
21	22	1	5	8	1	2	20	2	20	0.0129276	0	0.0129276	0.0129276	10	0	10	10	
21	22	1	6	6	1	2	20	2	20	0.0129276	0	0.0129276	0.0129276	10	0	10	10	
21	22	1	7	2	1	2	20	2	20	0.0129276	0	0.0129276	0.0129276	10	0	10	10	
22	23	2	1	5	1	2	20	0	0	0	0	0	0	0	0	0	0	
22	23	1	2	4	1	2	20	2	20	0.0129276	0	0.0129276	0.0129276	10	0	10	10	
22	23	1	3	1	1	2	20	2	20	0.0679276	0.0282843	0.0479276	0.0879276	10	0	10	10	
22	23	1	4	5	1	2	20	2	20	0.0129276	0	0.0129276	0.0129276	10	0	10	10	
22	23	1	5	8	1	2	20	2	20	0.0164276	0.00494975	0.0129276	0.0199276	10	0	10	10	
22	23	1	6	6	1	2	20	2	20	0.0129276	0	0.0129276	0.0129276	10	0	10	10	
22	23	1	7	2	1	2	20	2	20	0.0129276	0	0.0129276	0.0129276	10	0	10	10	
23	24	2	1	5	1	2	20	0	0	0	0	0	0	0	0	0	0	
23	24	1	2	4	1	2	20	2	20	0.0129276	0	0.0129276	0.0129276	10	0	10	10	
23	24	1	3	1	1	2	20	1	10	0.0479276	0	0.0479276	0.0479276	10	0	10	10	
23	24	1	4	5	1	2	20	2	20	0.0129276	0	0.0129276	0.0129276	10	0	10	10	
23	24	1	5	8	1	2	20	2	20	0.0129276	0	0.0129276	0.0129276	10	0	10	10	
23	24	1	6	6	1	2	20	2	20	0.0129276	0	0.0129276	0.0129276	10	0	10	10	
23	24	1	7	2	1	2	20	2	20	0.0129276	0	0.0129276	0.0129276	10	0	10	10	
24	25	2	1	5	1	2	20	0	0	0	0	0	0	0	0	0	0	
24	25	1	2	4	1	2	20	2	20	0.0129276	0	0.0129276	0.0129276	10	0	10	10	
24	25	1	3	1	1	2	20	3	30	0.124594	0.117934	0.0129276	0.247928	10	0	10	10	
24	25	1	4	5	1	2	20	2	20	0.0129276	0	0.0129276	0.0129276	10	0	10	10	
24	25	1	5	8	1	2	20	2	20	0.0129276	0	0.0129276	0.0129276	10	0	10	10	
24	25	1	6	6	1	2	20	2	20	0.0129276	0	0.0129276	0.0129276	10	0	10	10	
24	25	1	7	2	1	2	20	2	20	0.0129276	0	0.0129276	0.0129276	10	0	10	10	
25	26	2	1	5	1	2	20	0	0	0	0	0	0	0	0	0	0	
25	26	1	2	4	1	2	20	2	20	0.0129276	0	0.0129276	0.0129276	10	0	10	10	
25	26	1	3	1	1	2	20	2	20	0.0129276	0	0.0129276	0.0129276	10	0	10	10	
25	26	1	4	5	1	2	20	2	20	0.0129276	0	0.0129276	0.0129276	10	0	10	10	
25	26	1	5	8	1	3	30	3	30	0.0129276	0	0.0129276	0.0129276	10	0	10	10	
25	26	1	6	6	1	2	20	2	20	0.0129276	0	0.0129276	0.0129276	10	0	10	10	
25	26	1	7	2	1	2	20	2	20	0.0129276	0	0.0129276	0.0129276	10	0	10	10	
26	27	2	1	5	1	2	20	0	0	0	0	0	0	0	0	0	0	
26	27	1	2	4	1	2	20	2	20	0.0129276	0	0.0129276	0.0129276	10	0	10	10	
26	27	1	3	1	1	2	20	2	20	0.0129276	0	0.0129276	0.0129276	10	0	10	10	
26	27	1	4	5	1	2	20	2	20	0.0129276	0	0.0129276	0.0129276	10	0	10	10	
26	27	1	5	8	1	2	20	2	20	0.0129276	0	0.0129276	0.0129276	10	0	10	10	
26	27	1	6	6	1	2	20	2	20	0.0129276	0	0.0129276	0.0129276	10	0	10	10	
26	27	1	7	2	1	2	20	2	20	0.0129276	0	0.0129276	0.0129276	10	0	10	10	
27	28	2	1	5	1	2	20	0	0	0	0	0	0	0	0	0	0	
27	28	1	2	4	1	2	20	2	20	0.0129276	0	0.0129276	0.0129276	10	0	10	10	
27	28	1	3	1	1	2	20	2	20	0.307928	0.0848528	0.247928	0.367928	10	0	10	10	
27	28	1	4	5	1	2	20	2	20	0.0129276	0	0.0129276	0.0129276	10	0	10	10	
27	28	1	5	8	1	2	20	2	20	0.0129276	0	0.0129276	0.0129276	10	0	10	10	
27	28	1	6	6	1	3	30	3	30	0.0129276	0	0.0129276	0.0129276	10	0	10	10	
27	28	1	7	2	1	2	20	2	20	0.0229276	0.0141421	0.0129276	0.0329276	10	0	10	10	
28	29	2	1	5	1	3	30	0	0	0	0	0	0	0	0	0	0	
28	29	1	2	4	1	2	20	2	20	0.0129276	0	0.0129276	0.0129276	10	0	10	10	
28	29	1	3	1	1	2	20	2	20	0.0479276	0	0.0479276	0.0479276	10	0	10	10	
28	29	1	4	5	1	2	20	2	20	0.0129276	0	0.0129276	0.0129276	10	0	10	10	
28	29	1	5	8	1	2	20	2	20	0.0164276	0.00494975	0.0129276	0.0199276	10	0	10	10	
28	29	1	6	6	1	2	20	2	20	0.0129276	0	0.0129276	0.0129276	10	0	10	10	
28	29	1	7	2	1	2	20	2	20	0.0129276	0	0.0129276	0.0129276	10	0	10	10	
29	30	2	1	5	1	2	20	0	0	0	0	0	0	0	0	0	0	
29	30	1	2	4	1	3	30	3	30	0.0129276	0	0.0129276	0.0129276	10	0	10	10	
29	30	1	3	1	1	2	20	2	20	0.130428	0.16617	0.0129276	0.247928	10	0	10	10	
29	30	1	4	5	1	2	20	2	20	0.0129276	0	0.0129276	0.0129276	10	0	10	10	
29	30	1	5	8	1	2	20	2	20	0.0129276	0	0.0129276	0.0129276	10	0	10	10	
29	30	1	6	6	1	2	20	2	20	0.0129276	0	0.0129276	0.0129276	10	0	10	10	
29	30	1	7	2	1	3	30	3	30	0.0129276	0	0.0129276	0.0129276	10	0	10	10	
