% start	end	CellId	IMSI	RNTI	LCID	nTxPDUs	TxBytes	nRxPDUs	RxBytes	delay	stdDev	min	max	PduSize	stdDev	min	max
0	1	1	1	3	0	1	6	1	6	0	0	0	0	6	0	6	6	
0	1	1	1	7	1	11	89	11	89	0.00471429	0	0.00471429	0.00471429	8.09091	5.52186	2	19	
0	1	1	2	4	0	1	6	1	6	0	0	0	0	6	0	6	6	
0	1	1	2	4	1	8	62	8	62	0.00471429	0	0.00471429	0.00471429	7.75	4.55914	2	14	
0	1	1	3	1	0	1	6	1	6	0	0	0	0	6	0	6	6	
0	1	1	3	1	1	7	55	7	55	0.00571429	0.00264575	0.00471429	0.0117143	7.85714	4.91354	2	14	
0	1	1	4	5	0	3	18	1	6	0	0	0	0	6	0	6	6	
0	1	1	4	5	1	5	45	5	45	0.00471429	0	0.00471429	0.00471429	9	5.09902	2	14	
0	1	2	5	3	0	1	6	1	6	0	0	0	0	6	0	6	6	
0	1	1	5	8	1	9	87	9	87	0.00471429	0	0.00471429	0.00471429	9.66667	5.89491	2	19	
0	1	2	6	2	0	1	6	1	6	0	0	0	0	6	0	6	6	
0	1	1	6	6	1	10	83	10	83	0.00471429	0	0.00471429	0.00471429	8.3	4.49815	2	14	
0	1	1	7	2	0	1	6	1	6	0	0	0	0	6	0	6	6	
0	1	1	7	2	1	6	47	6	47	0.00471429	0	0.00471429	0.00471429	7.83333	5.38207	2	14	
1	2	1	1	7	1	2	28	2	28	0.00471429	0	0.00471429	0.00471429	14	0	14	14	
1	2	1	2	4	1	2	28	2	28	0.00471429	0	0.00471429	0.00471429	14	0	14	14	
1	2	1	3	1	1	2	28	2	28	0.00471429	0	0.00471429	0.00471429	14	0	14	14	
1	2	1	4	5	1	2	28	2	28	0.00471429	0	0.00471429	0.00471429	14	0	14	14	
1	2	1	5	8	1	3	42	3	42	0.00471429	0	0.00471429	0.00471429	14	0	14	14	
1	2	1	6	6	1	2	28	2	28	0.00471429	0	0.00471429	0.00471429	14	0	14	14	
1	2	1	7	2	1	2	28	2	28	0.00471429	0	0.00471429	0.00471429	14	0	14	14	
2	3	1	1	7	1	2	28	2	28	0.00471429	0	0.00471429	0.00471429	14	0	14	14	
2	3	1	2	4	1	2	28	2	28	0.00471429	0	0.00471429	0.00471429	14	0	14	14	
2	3	1	3	1	1	2	28	2	28	0.00471429	0	0.00471429	0.00471429	14	0	14	14	
2	3	1	4	5	1	2	28	2	28	0.00471429	0	0.00471429	0.00471429	14	0	14	14	
2	3	1	5	8	1	2	28	2	28	0.00471429	0	0.00471429	0.00471429	14	0	14	14	
2	3	1	6	6	1	2	28	2	28	0.00471429	0	0.00471429	0.00471429	14	0	14	14	
2	3	1	7	2	1	2	28	2	28	0.00471429	0	0.00471429	0.00471429	14	0	14	14	
3	4	1	1	7	1	3	42	3	42	0.00471429	0	0.00471429	0.00471429	14	0	14	14	
3	4	1	2	4	1	2	28	2	28	0.00471429	0	0.00471429	0.00471429	14	0	14	14	
3	4	1	3	1	1	2	28	2	28	0.00471429	0	0.00471429	0.00471429	14	0	14	14	
3	4	1	4	5	1	2	28	2	28	0.00471429	0	0.00471429	0.00471429	14	0	14	14	
3	4	1	5	8	1	2	28	2	28	0.00471429	0	0.00471429	0.00471429	14	0	14	14	
3	4	1	6	6	1	3	42	3	42	0.00471429	0	0.00471429	0.00471429	14	0	14	14	
3	4	1	7	2	1	2	28	2	28	0.00471429	0	0.00471429	0.00471429	14	0	14	14	
4	5	1	1	7	1	2	28	2	28	0.00471429	0	0.00471429	0.00471429	14	0	14	14	
4	5	1	2	4	1	2	28	2	28	0.00471429	0	0.00471429	0.00471429	14	0	14	14	
4	5	1	3	1	1	2	28	2	28	0.00471429	0	0.00471429	0.00471429	14	0	14	14	
4	5	1	4	5	1	2	28	2	28	0.00471429	0	0.00471429	0.00471429	14	0	14	14	
4	5	1	5	8	1	2	28	2	28	0.00821428	0.00494975	0.00471429	0.0117143	14	0	14	14	
4	5	1	6	6	1	2	28	2	28	0.00471429	0	0.00471429	0.00471429	14	0	14	14	
4	5	1	7	2	1	2	28	2	28	0.00471429	0	0.00471429	0.00471429	14	0	14	14	
5	6	1	1	7	1	2	28	2	28	0.00471429	0	0.00471429	0.00471429	14	0	14	14	
5	6	1	2	4	1	3	42	3	42	0.00471429	0	0.00471429	0.00471429	14	0	14	14	
5	6	1	3	1	1	3	42	3	42	0.00471429	0	0.00471429	0.00471429	14	0	14	14	
5	6	1	4	5	1	2	28	2	28	0.00471429	0	0.00471429	0.00471429	14	0	14	14	
5	6	1	5	8	1	2	28	2	28	0.00471429	0	0.00471429	0.00471429	14	0	14	14	
5	6	1	6	6	1	2	28	2	28	0.00471429	0	0.00471429	0.00471429	14	0	14	14	
5	6	1	7	2	1	3	42	3	42	0.00471429	0	0.00471429	0.00471429	14	0	14	14	
6	7	1	1	7	1	2	28	2	28	0.00471429	0	0.00471429	0.00471429	14	0	14	14	
6	7	1	2	4	1	2	28	2	28	0.00471429	0	0.00471429	0.00471429	14	0	14	14	
6	7	1	3	1	1	2	28	2	28	0.00471429	0	0.00471429	0.00471429	14	0	14	14	
6	7	1	4	5	1	2	28	2	28	0.00471429	0	0.00471429	0.00471429	14	0	14	14	
6	7	1	5	8	1	2	28	2	28	0.00471429	0	0.00471429	0.00471429	14	0	14	14	
6	7	1	6	6	1	2	28	2	28	0.00471429	0	0.00471429	0.00471429	14	0	14	14	
6	7	1	7	2	1	2	28	2	28	0.00471429	0	0.00471429	0.00471429	14	0	14	14	
7	8	1	1	7	1	2	28	2	28	0.00471429	0	0.00471429	0.00471429	14	0	14	14	
7	8	1	2	4	1	2	28	2	28	0.00471429	0	0.00471429	0.00471429	14	0	14	14	
7	8	1	3	1	1	2	28	2	28	0.00471429	0	0.00471429	0.00471429	14	0	14	14	
7	8	1	4	5	1	2	28	2	28	0.00471429	0	0.00471429	0.00471429	14	0	14	14	
7	8	1	5	8	1	2	28	2	28	0.00471429	0	0.00471429	0.00471429	14	0	14	14	
7	8	1	6	6	1	2	28	2	28	0.00471429	0	0.00471429	0.00471429	14	0	14	14	
7	8	1	7	2	1	2	28	2	28	0.00471429	0	0.00471429	0.00471429	14	0	14	14	
8	9	1	1	7	1	2	28	2	28	0.00471429	0	0.00471429	0.00471429	14	0	14	14	
8	9	1	2	4	1	2	28	2	28	0.00471429	0	0.00471429	0.00471429	14	0	14	14	
8	9	1	3	1	1	2	28	2	28	0.00471429	0	0.00471429	0.00471429	14	0	14	14	
8	9	1	4	5	1	2	28	2	28	0.00471429	0	0.00471429	0.00471429	14	0	14	14	
8	9	1	5	8	1	2	28	2	28	0.00471429	0	0.00471429	0.00471429	14	0	14	14	
8	9	1	6	6	1	2	28	2	28	0.00471429	0	0.00471429	0.00471429	14	0	14	14	
8	9	1	7	2	1	2	28	2	28	0.00471429	0	0.00471429	0.00471429	14	0	14	14	
9	10	1	1	7	1	2	28	2	28	0.00471429	0	0.00471429	0.00471429	14	0	14	14	
9	10	1	2	4	1	2	28	2	28	0.00471429	0	0.00471429	0.00471429	14	0	14	14	
9	10	1	3	1	1	2	28	2	28	0.00471429	0	0.00471429	0.00471429	14	0	14	14	
9	10	1	4	5	1	2	28	2	28	0.00471429	0	0.00471429	0.00471429	14	0	14	14	
9	10	1	5	8	1	2	28	2	28	0.00471429	0	0.00471429	0.00471429	14	0	14	14	
9	10	1	6	6	1	2	28	2	28	0.00471429	0	0.00471429	0.00471429	14	0	14	14	
9	10	1	7	2	1	2	28	2	28	0.00471429	0	0.00471429	0.00471429	14	0	14	14	
10	11	1	1	7	1	3	42	3	42	0.00471429	0	0.00471429	0.00471429	14	0	14	14	
10	11	1	2	4	1	2	28	2	28	0.00471429	0	0.00471429	0.00471429	14	0	14	14	
10	11	1	3	1	1	2	28	2	28	0.00471429	0	0.00471429	0.00471429	14	0	14	14	
10	11	1	4	5	1	2	28	2	28	0.00471429	0	0.00471429	0.00471429	14	0	14	14	
10	11	1	5	8	1	2	28	2	28	0.00471429	0	0.00471429	0.00471429	14	0	14	14	
10	11	1	6	6	1	2	28	2	28	0.00471429	0	0.00471429	0.00471429	14	0	14	14	
10	11	1	7	2	1	2	28	2	28	0.00471429	0	0.00471429	0.00471429	14	0	14	14	
11	12	1	1	7	1	2	28	2	28	0.00471429	0	0.00471429	0.00471429	14	0	14	14	
11	12	1	2	4	1	2	28	2	28	0.00471429	0	0.00471429	0.00471429	14	0	14	14	
11	12	1	3	1	1	2	28	2	28	0.00471429	0	0.00471429	0.00471429	14	0	14	14	
11	12	1	4	5	1	2	28	2	28	0.00471429	0	0.00471429	0.00471429	14	0	14	14	
11	12	1	5	8	1	2	28	2	28	0.00471429	0	0.00471429	0.00471429	14	0	14	14	
11	12	1	6	6	1	2	28	2	28	0.00471429	0	0.00471429	0.00471429	14	0	14	14	
11	12	1	7	2	1	2	28	2	28	0.00471429	0	0.00471429	0.00471429	14	0	14	14	
12	13	1	1	7	1	2	28	2	28	0.00471429	0	0.00471429	0.00471429	14	0	14	14	
12	13	1	2	4	1	2	28	2	28	0.00471429	0	0.00471429	0.00471429	14	0	14	14	
12	13	1	3	1	1	2	28	2	28	0.00471429	0	0.00471429	0.00471429	14	0	14	14	
12	13	1	4	5	1	2	28	2	28	0.00471429	0	0.00471429	0.00471429	14	0	14	14	
12	13	1	5	8	1	2	28	2	28	0.00471429	0	0.00471429	0.00471429	14	0	14	14	
12	13	1	6	6	1	2	28	2	28	0.00471429	0	0.00471429	0.00471429	14	0	14	14	
12	13	1	7	2	1	2	28	2	28	0.00471429	0	0.00471429	0.00471429	14	0	14	14	
13	14	1	1	7	1	2	28	2	28	0.00471429	0	0.00471429	0.00471429	14	0	14	14	
13	14	1	2	4	1	2	28	2	28	0.00471429	0	0.00471429	0.00471429	14	0	14	14	
13	14	1	3	1	1	2	28	2	28	0.00471429	0	0.00471429	0.00471429	14	0	14	14	
13	14	1	4	5	1	2	28	2	28	0.00471429	0	0.00471429	0.00471429	14	0	14	14	
13	14	1	5	8	1	3	42	3	42	0.00471429	0	0.00471429	0.00471429	14	0	14	14	
13	14	1	6	6	1	2	28	2	28	0.00471429	0	0.00471429	0.00471429	14	0	14	14	
13	14	1	7	2	1	2	28	2	28	0.00471429	0	0.00471429	0.00471429	14	0	14	14	
14	15	1	1	7	1	2	28	2	28	0.00471429	0	0.00471429	0.00471429	14	0	14	14	
14	15	1	2	4	1	2	28	2	28	0.00471429	0	0.00471429	0.00471429	14	0	14	14	
14	15	1	3	1	1	2	28	2	28	0.00471429	0	0.00471429	0.00471429	14	0	14	14	
14	15	1	4	5	1	2	28	2	28	0.00471429	0	0.00471429	0.00471429	14	0	14	14	
14	15	1	5	8	1	2	28	2	28	0.00471429	0	0.00471429	0.00471429	14	0	14	14	
14	15	1	6	6	1	2	28	2	28	0.00471429	0	0.00471429	0.00471429	14	0	14	14	
14	15	1	7	2	1	2	28	2	28	0.00471429	0	0.00471429	0.00471429	14	0	14	14	
15	16	1	1	7	1	3	42	3	42	0.00471429	0	0.00471429	0.00471429	14	0	14	14	
15	16	1	2	4	1	2	28	2	28	0.00471429	0	0.00471429	0.00471429	14	0	14	14	
15	16	1	3	1	1	2	28	2	28	0.00471429	0	0.00471429	0.00471429	14	0	14	14	
15	16	1	4	5	1	2	28	2	28	0.00471429	0	0.00471429	0.00471429	14	0	14	14	
15	16	1	5	8	1	2	28	2	28	0.00471429	0	0.00471429	0.00471429	14	0	14	14	
15	16	1	6	6	1	3	42	3	42	0.00471429	0	0.00471429	0.00471429	14	0	14	14	
15	16	1	7	2	1	2	28	2	28	0.00471429	0	0.00471429	0.00471429	14	0	14	14	
16	17	1	2	4	1	2	28	2	28	0.00471429	0	0.00471429	0.00471429	14	0	14	14	
16	17	1	3	1	1	2	28	2	28	0.00471429	0	0.00471429	0.00471429	14	0	14	14	
16	17	1	4	5	1	1	14	1	14	0.00471429	0	0.00471429	0.00471429	14	0	14	14	
16	17	1	5	8	1	2	28	2	28	0.00471429	0	0.00471429	0.00471429	14	0	14	14	
16	17	1	6	6	1	2	28	2	28	0.00471429	0	0.00471429	0.00471429	14	0	14	14	
16	17	1	7	2	1	2	28	2	28	0.00471429	0	0.00471429	0.00471429	14	0	14	14	
17	18	1	2	4	1	3	42	3	42	0.00471429	0	0.00471429	0.00471429	14	0	14	14	
17	18	1	3	1	1	2	28	2	28	0.00471429	0	0.00471429	0.00471429	14	0	14	14	
17	18	1	4	5	1	2	28	2	28	0.00471429	0	0.00471429	0.00471429	14	0	14	14	
17	18	1	5	8	1	2	28	2	28	0.00821428	0.00494975	0.00471429	0.0117143	14	0	14	14	
17	18	1	6	6	1	2	28	2	28	0.00471429	0	0.00471429	0.00471429	14	0	14	14	
17	18	1	7	2	1	3	42	3	42	0.00471429	0	0.00471429	0.00471429	14	0	14	14	
18	19	1	2	4	1	2	28	2	28	0.00471429	0	0.00471429	0.00471429	14	0	14	14	
18	19	1	3	1	1	2	28	2	28	0.00471429	0	0.00471429	0.00471429	14	0	14	14	
18	19	1	4	5	1	2	28	2	28	0.00471429	0	0.00471429	0.00471429	14	0	14	14	
18	19	1	5	8	1	2	28	2	28	0.00471429	0	0.00471429	0.00471429	14	0	14	14	
18	19	1	6	6	1	2	28	2	28	0.00471429	0	0.00471429	0.00471429	14	0	14	14	
18	19	1	7	2	1	2	28	2	28	0.00471429	0	0.00471429	0.00471429	14	0	14	14	
19	20	1	2	4	1	2	28	2	28	0.00471429	0	0.00471429	0.00471429	14	0	14	14	
19	20	1	3	1	1	3	42	3	42	0.00471429	0	0.00471429	0.00471429	14	0	14	14	
19	20	1	4	5	1	3	42	3	42	0.00471429	0	0.00471429	0.00471429	14	0	14	14	
19	20	1	5	8	1	2	28	2	28	0.00471429	0	0.00471429	0.00471429	14	0	14	14	
19	20	1	6	6	1	2	28	2	28	0.00471429	0	0.00471429	0.00471429	14	0	14	14	
19	20	1	7	2	1	2	28	2	28	0.00471429	0	0.00471429	0.00471429	14	0	14	14	
20	21	1	2	4	1	2	28	2	28	0.00471429	0	0.00471429	0.00471429	14	0	14	14	
20	21	1	3	1	1	2	28	2	28	0.00471429	0	0.00471429	0.00471429	14	0	14	14	
20	21	1	4	5	1	2	28	2	28	0.00471429	0	0.00471429	0.00471429	14	0	14	14	
20	21	1	5	8	1	2	28	2	28	0.00471429	0	0.00471429	0.00471429	14	0	14	14	
20	21	1	6	6	1	2	28	2	28	0.00471429	0	0.00471429	0.00471429	14	0	14	14	
20	21	1	7	2	1	2	28	2	28	0.00471429	0	0.00471429	0.00471429	14	0	14	14	
21	22	1	2	4	1	2	28	2	28	0.00471429	0	0.00471429	0.00471429	14	0	14	14	
21	22	1	3	1	1	2	28	2	28	0.00471429	0	0.00471429	0.00471429	14	0	14	14	
21	22	1	4	5	1	2	28	2	28	0.00471429	0	0.00471429	0.00471429	14	0	14	14	
21	22	1	5	8	1	2	28	2	28	0.00471429	0	0.00471429	0.00471429	14	0	14	14	
21	22	1	6	6	1	2	28	2	28	0.00471429	0	0.00471429	0.00471429	14	0	14	14	
21	22	1	7	2	1	2	28	2	28	0.00471429	0	0.00471429	0.00471429	14	0	14	14	
22	23	1	2	4	1	2	28	2	28	0.00471429	0	0.00471429	0.00471429	14	0	14	14	
22	23	1	3	1	1	2	28	2	28	0.00471429	0	0.00471429	0.00471429	14	0	14	14	
22	23	1	4	5	1	2	28	2	28	0.00471429	0	0.00471429	0.00471429	14	0	14	14	
22	23	1	5	8	1	2	28	2	28	0.00821428	0.00494975	0.00471429	0.0117143	14	0	14	14	
22	23	1	6	6	1	2	28	2	28	0.00471429	0	0.00471429	0.00471429	14	0	14	14	
22	23	1	7	2	1	2	28	2	28	0.00471429	0	0.00471429	0.00471429	14	0	14	14	
23	24	1	2	4	1	2	28	2	28	0.00471429	0	0.00471429	0.00471429	14	0	14	14	
23	24	1	3	1	1	1	14	1	14	0.00471429	0	0.00471429	0.00471429	14	0	14	14	
23	24	1	4	5	1	2	28	2	28	0.00471429	0	0.00471429	0.00471429	14	0	14	14	
23	24	1	5	8	1	2	28	2	28	0.00471429	0	0.00471429	0.00471429	14	0	14	14	
23	24	1	6	6	1	2	28	2	28	0.00471429	0	0.00471429	0.00471429	14	0	14	14	
23	24	1	7	2	1	2	28	2	28	0.00471429	0	0.00471429	0.00471429	14	0	14	14	
24	25	1	2	4	1	2	28	2	28	0.00471429	0	0.00471429	0.00471429	14	0	14	14	
24	25	1	3	1	1	3	42	3	42	0.00471429	0	0.00471429	0.00471429	14	0	14	14	
24	25	1	4	5	1	2	28	2	28	0.00471429	0	0.00471429	0.00471429	14	0	14	14	
24	25	1	5	8	1	2	28	2	28	0.00471429	0	0.00471429	0.00471429	14	0	14	14	
24	25	1	6	6	1	2	28	2	28	0.00471429	0	0.00471429	0.00471429	14	0	14	14	
24	25	1	7	2	1	2	28	2	28	0.00471429	0	0.00471429	0.00471429	14	0	14	14	
25	26	1	2	4	1	2	28	2	28	0.00471429	0	0.00471429	0.00471429	14	0	14	14	
25	26	1	3	1	1	2	28	2	28	0.00471429	0	0.00471429	0.00471429	14	0	14	14	
25	26	1	4	5	1	2	28	2	28	0.00471429	0	0.00471429	0.00471429	14	0	14	14	
25	26	1	5	8	1	3	42	3	42	0.00471429	0	0.00471429	0.00471429	14	0	14	14	
25	26	1	6	6	1	2	28	2	28	0.00471429	0	0.00471429	0.00471429	14	0	14	14	
25	26	1	7	2	1	2	28	2	28	0.00471429	0	0.00471429	0.00471429	14	0	14	14	
26	27	1	2	4	1	2	28	2	28	0.00471429	0	0.00471429	0.00471429	14	0	14	14	
26	27	1	3	1	1	2	28	2	28	0.00471429	0	0.00471429	0.00471429	14	0	14	14	
26	27	1	4	5	1	2	28	2	28	0.00471429	0	0.00471429	0.00471429	14	0	14	14	
26	27	1	5	8	1	2	28	2	28	0.00471429	0	0.00471429	0.00471429	14	0	14	14	
26	27	1	6	6	1	2	28	2	28	0.00471429	0	0.00471429	0.00471429	14	0	14	14	
26	27	1	7	2	1	2	28	2	28	0.00471429	0	0.00471429	0.00471429	14	0	14	14	
27	28	1	2	4	1	2	28	2	28	0.00471429	0	0.00471429	0.00471429	14	0	14	14	
27	28	1	3	1	1	2	28	2	28	0.00471429	0	0.00471429	0.00471429	14	0	14	14	
27	28	1	4	5	1	2	28	2	28	0.00471429	0	0.00471429	0.00471429	14	0	14	14	
27	28	1	5	8	1	2	28	2	28	0.00471429	0	0.00471429	0.00471429	14	0	14	14	
27	28	1	6	6	1	3	42	3	42	0.00471429	0	0.00471429	0.00471429	14	0	14	14	
27	28	1	7	2	1	2	28	2	28	0.00471429	0	0.00471429	0.00471429	14	0	14	14	
28	29	1	2	4	1	2	28	2	28	0.00471429	0	0.00471429	0.00471429	14	0	14	14	
28	29	1	3	1	1	2	28	2	28	0.00471429	0	0.00471429	0.00471429	14	0	14	14	
28	29	1	4	5	1	2	28	2	28	0.00471429	0	0.00471429	0.00471429	14	0	14	14	
28	29	1	5	8	1	2	28	2	28	0.00821428	0.00494975	0.00471429	0.0117143	14	0	14	14	
28	29	1	6	6	1	2	28	2	28	0.00471429	0	0.00471429	0.00471429	14	0	14	14	
28	29	1	7	2	1	2	28	2	28	0.00471429	0	0.00471429	0.00471429	14	0	14	14	
29	30	1	2	4	1	3	42	3	42	0.00471429	0	0.00471429	0.00471429	14	0	14	14	
29	30	1	3	1	1	2	28	2	28	0.00471429	0	0.00471429	0.00471429	14	0	14	14	
29	30	1	4	5	1	2	28	2	28	0.00471429	0	0.00471429	0.00471429	14	0	14	14	
29	30	1	5	8	1	2	28	2	28	0.00471429	0	0.00471429	0.00471429	14	0	14	14	
29	30	1	6	6	1	3	42	3	42	0.00471429	0	0.00471429	0.00471429	14	0	14	14	
29	30	1	7	2	1	3	42	3	42	0.00471429	0	0.00471429	0.00471429	14	0	14	14	
